ProtA	ProtB	ELMA	ELMB	Degree	Score	Fusion	Phylogenetic_profiling	Homology	Co-expression	Experiment	Database	Textmining	Neighborhood	STRING_Degree	Sim_CC	Sim_BP	Sim_MF	ClassLabel
P43246	P52701	14	19	239	0.999	0	0.164285	0	0.794	0.992	0.9	0.315172	0	10	0.812962309392	0.928474065605	1.0	ob
P01024	Q9Y279	29	17	102	0.976	0	0	0	0.054	0.876	0	0.814	0	10	0	0.196117765027	0.0151446123989	nob
P01094	P07267	15	20	46	0.932	0	0	0	0.084	0.868	0	0.485	0	10	0	0.154185107645	0.0640990230188	nob
P10275	Q15466	15	17	410	0.535	0	0	0	0	0.36	0	0.304	0	10	0.174464937092	0.0818470781615	0.0151446123989	nob
P0ABI8	P0ABJ1	14	23	4	0.999	0	0.782	0	0.98	0.989	0.966	0.566	0.853	14	1.0	1.0	1.0	ob
P0ABI8	P0ABJ3	14	13	2	0.999	0.852	0.782	0	0.979	0.989	0.964	0.589	0.886	14	1.0	1.0	1.0	ob
P01857	P08637	22	19	17	0	0	0	0	0	0	0	0	0	9	0	0.196117765027	0	ob
P24863	P49336	18	12	250	0.999	0	0	0	0.195	0.992	0.9	0.941	0	10	0	0	0.0151446123989	ob
P03989	P10619	31	14	36	0	0	0	0	0	0	0	0	0	9	-0.0	0.196117765027	0	nob
P00163	P07143	22	20	59	0.999	0.615	0	0	0.147	0.996	0.959	0.951	0.321	10	0	1.0	0	ob
P28067	P28068	16	18	16	0.999	0	0	0	0.351	0.874	0.9	0.926	0	10	0.886055795545	0.762395989022	0.698502972593	ob
P07143	P08067	20	33	60	0.999	0.134	0.328	0	0.988	0.996	0.959	0.951	0.321	10	0	1.0	0	ob
P14653	P40424	15	13	60	0.994	0	0	0	0.053	0.871	0.9	0.576	0	10	0.174464937092	0	0.180282726243	ob
O75151	P68431	11	26	473	0.9	0	0	0	0.09	0.133	0.9	0.000451	0	19	0.0878609430863	0.4854395259	0.523996724343	nob
Q14188	Q16254	21	30	78	0.998	0	0	0	0.364	0.953	0.9	0.648	0	10	0.291532709483	0.0818470781615	0.455547716042	ob
P02413	P60723	17	15	3	0.999	0	0.317	0	0.994	0.989	0.976	0.609	0.534	14	0	1.0	0.102886619617	ob
Q8TB24	Q9Y5K6	15	21	181	0.911	0	0	0	0.054	0.906	0	0.079	0	10	0	0.178693497984	0.0151446123989	nob
P04626	Q14451	16	31	380	0.989	0	0	0	0.446	0.36	0.9	0.727	0	10	0.251476970951	0.13189036997	0.750180418479	nob
O15533	P30101	20	18	160	0.984	0	0	0	0	0.103	0.9	0.838	0	10	0	0.319915618124	0.0151446123989	ob
P55055	Q15596	25	26	152	0.914	0	0	0	0	0.909	0	0.094	0	10	0	0.0818470781615	0.301505855981	nob
P01892	P01903	26	19	58	0	0	0	0	0	0	0	0	0	9	0.641030982614	0.713896262422	0.698502972593	nob
P0A8T7	P0A8V2	27	27	13	0.999	0.884	0.782	0	0.98	0.988	0.677	0.788	0.746	14	0	0.355652567671	0.102886619617	ob
Q96CA5	Q9NR28	14	18	126	0.872	0	0	0	0	0.382	0	0.802	0	10	0	0.0659936609415	0.0151446123989	nob
P07737	P50552	20	21	175	0.986	0	0	0	0.055	0.73	0.9	0.521	0	10	0.566764681756	0.384617586493	0.397744942754	nob
P02675	P02679	22	16	135	0.999	0	0	0	0.953	0.992	0.9	0.16326	0	10	1.0	0.799201316023	0.533685662203	ob
Q02108	Q02153	19	16	27	0.98	0	0.096416	0	0.636	0.36	0.9	0.16744	0	10	0.777187959897	0.928474065605	0.852477177596	ob
P68431	Q12830	26	15	512	0.568	0	0	0	0.09	0.521	0.9	0.137	0	19	0.328698515619	0.459103544489	0.0151446123989	nob
P00533	Q9UJM3	15	16	1208	0.923	0	0	0	0.053	0.793	0	0.641	0	10	0.618510481483	0.0659936609415	0.242362391951	nob
P0CG48	P14735	13	20	1612	0.459	0	0	0	0.054	0.36	0	0.177	0	10	0	0.175247560727	0.180282726243	nob
P01892	P43358	26	21	61	0	0	0	0	0	0	0	0	0	9	0	0	0.0151446123989	nob
P05107	P21333	15	10	386	0.784	0	0	0	0.072	0.752	0	0.138	0	10	0.335740847045	0.247753286124	0.651960739759	nob
P0AFX7	P0AFX9	15	25	5	0.999	0	0.625	0	0.341	0.934	0	0.797	0.886	14	0	0	0.102886619617	nob
Q9BZI7	Q9Y5S9	30	17	168	0.995	0	0	0	0.054	0.809	0.9	0.758	0	10	0	0.690870054627	0.241163816843	nob
P00797	P01019	31	21	19	0.999	0	0	0	0	0.866	0.9	0.963	0	10	0.436732904966	0.175247560727	0.301505855981	ob
P45530	P45531	21	19	2	0.999	0	0.781	0	0	0.988	0.661	0.677	0.884	14	0	1.0	0	ob
P01130	P02749	16	14	68	0.585	0	0	0	0	0.36	0	0.379	0	10	0	0.384088405278	0.750180418479	ob
P01892	P43357	26	16	29	0	0	0	0	0	0	0	0	0	9	0.0878609430863	0.29703335461	0.0151446123989	nob
P01892	Q9BZL6	26	17	61	0	0	0	0	0	0	0	0	0	9	0.374955936008	0.0789564956921	0.0151446123989	nob
P22213	Q01590	21	14	138	0.999	0	0	0	0.137	0.997	0	0.967	0	10	0	0.666697623056	0.0640990230188	nob
P25054	Q9ULH1	14	26	321	0.453	0	0	0	0.179	0.36	0	0	0	10	0	0	0.397744942754	nob
P01834	P01857	21	22	12	0	0	0	0	0	0	0	0	0	0	0	0.488607656592	0	ob
Q08AE8	Q9NZ56	11	14	19	0.914	0	0	0	0.054	0.8	0	0.583	0	10	0	0.13189036997	0	nob
P23638	P40303	18	26	172	0.999	0	0.032175	0	0.979	0.997	0.952	0.101387	0	11	1.0	0.834681815052	0.0640990230188	ob
P25604	Q99176	24	20	85	0.999	0	0	0	0	0.972	0.9	0.837	0	10	0.666607463668	0.908530315252	0.0640990230188	ob
P10599	P19838	27	15	343	0.908	0	0	0	0.053	0.673	0	0.725	0	10	0.213954163873	0.13189036997	0.180282726243	nob
P67775	Q9Y570	15	23	375	0.963	0	0	0	0.055	0.816	0	0.802	0.048	10	0	0	0.0151446123989	ob
Q03818	Q12380	12	28	41	0.999	0	0	0	0	0.932	0.9	0.964	0	11	0.0560935306379	0.94649366447	0.0640990230188	nob
Q96P09	Q9NR28	9	18	86	0.868	0	0	0	0	0.615	0	0.671	0	10	0	0	0	nob
O15294	P68400	14	22	608	0.852	0	0	0	0.106	0.83	0	0.103	0	10	0.413379777432	0.334111836131	0.244185953233	nob
P45531	P45532	19	15	0	0.999	0	0.782	0	0.255	0.979	0.677	0.524	0.881	14	0	1.0	0	ob
P61964	Q15291	29	10	280	0.993	0	0	0	0.116	0.903	0.9	0.336512	0	10	0.715513907237	0.773268152311	0.744827441852	nob
Q9UGI8	Q9Y615	10	16	64	0.876	0	0	0	0	0.876	0	0	0	10	0	0.230032500835	0.0151446123989	nob
P16104	Q8NEM0	11	24	319	0.592	0	0	0	0	0.36	0	0.389	0	10	0.350880134532	0	0.0151446123989	nob
P25604	P42939	24	15	71	0.999	0	0	0	0	0.972	0.9	0.821	0	10	0	0.908530315252	0.549986466584	ob
O95747	Q96J92	19	33	54	0.72	0	0	0	0.054	0.597	0	0.29678	0	10	0	0	0.0151446123989	nob
P04004	P05121	13	15	162	0.99	0	0	0	0.045	0.36	0.9	0.866	0	10	0.874224684661	0.430653424026	0.301505855981	nob
P24928	Q9GZU7	21	20	331	0.735	0	0	0	0.054	0.605	0	0.347	0	10	0.237606568467	0.129736483021	0.0151446123989	nob
P14736	P32628	26	28	146	0.999	0	0	0	0	0.993	0.9	0.974	0	10	0.0827251807243	1.0	0.707476121707	nob
P06729	Q9Y5K6	18	21	138	0.567	0	0	0	0	0.36	0	0.351	0	10	0	0.0128003121328	0.0151446123989	nob
P0A7J3	P0A7K2	12	22	8	0.999	0	0.336	0	0.995	0.998	0.9	0.93	0.76	14	0	1.0	0.102886619617	ob
Q16531	Q92466	22	30	369	0.998	0	0	0	0.072	0.956	0.9	0.748	0	10	0.815742493469	0.833921923416	0.641668466206	nob
P49023	Q9NVD7	27	23	160	0.996	0	0	0	0.072	0.925	0.9	0.564	0	10	0	0.384617586493	0.0151446123989	nob
P32379	P43583	23	32	140	0.997	0	0	0	0	0.965	0.9	0.291	0	10	1.0	0.725590945757	0	ob
Q13185	Q96KQ7	12	16	276	0.984	0	0	0	0.053	0.596	0.9	0.644	0	10	0.300324837308	0.459103544489	0.367038535268	nob
O95400	P06729	17	18	139	0.962	0	0	0	0	0.866	0	0.728	0	10	0.0723703227921	0.0128003121328	0.0151446123989	nob
Q8IUQ4	Q9HB71	18	25	400	0.986	0	0	0	0	0.606	0.9	0.688	0	10	0	0.773268152311	0.750180418479	nob
Q16695	Q96T88	26	14	304	0	0	0	0	0	0	0	0	0	9	0.328698515619	0.459103544489	0.523996724343	nob
P00734	P02679	19	16	45	0.997	0	0	0	0.708	0.827	0.9	0.635	0	10	0.697865870195	0.557267014688	0.301505855981	nob
Q9UBE0	Q9UBT2	17	18	154	0.999	0	0	0	0.383	0.988	0.9	0.32996	0	10	0.631484986937	0.886634076156	1.0	ob
P26321	Q02753	42	19	146	0.999	0	0	0	0.996	0.898	0.9	0.522	0	10	0	0.612717700806	0	ob
Q09028	Q8IX07	18	26	209	0.946	0	0	0	0.054	0.399	0.9	0.173	0	10	0.0157964442949	0.247753286124	0.0151446123989	nob
P63000	Q16512	15	23	376	0.965	0	0	0	0.061	0.34	0.9	0.504	0	10	0.240429848319	0.212151665442	0.408940657615	ob
P02671	P02679	9	16	55	0.999	0	0	0	0.953	0.992	0.9	0.18684	0	10	1.0	0.799201316023	0.533685662203	ob
P06241	P27986	16	13	697	0.988	0	0	0	0.094	0.845	0.9	0.291	0	10	0.270346495704	0.140336661817	0.301505855981	nob
P32773	P32774	16	22	42	0.999	0	0	0	0	0.972	0.9	0.977	0	10	0.801375333736	1.0	1.0	nob
O60341	P68431	10	26	949	0.433	0	0	0	0.09	0.36	0.9	0.15	0	19	0.328698515619	0.535664141333	0.0151446123989	nob
P04995	P0AGE0	13	8	10	0.826	0	0	0	0.057	0.802	0	0.143	0	14	0	0	1.0	nob
P02671	P02675	9	22	142	0.999	0	0	0	0.916	0.995	0.9	0.213894	0	10	1.0	0.799201316023	0.533685662203	ob
O75381	P50542	19	9	204	0.999	0	0	0	0.085	0.991	0.8	0.964	0	10	1.0	0.802391740489	0.540553543267	ob
P21242	P40302	18	16	169	0.999	0	0.054656	0	0.984	0.999	0.958	0.088256	0	12	1.0	0.834681815052	0	ob
Q7L576	Q8WUW1	9	25	95	0.996	0	0	0	0	0.905	0.9	0.693	0	10	0	0.196117765027	0.37511728094	nob
P52491	Q12395	28	21	28	0.965	0	0	0	0	0.932	0	0.504	0	10	1.0	0	-0.0	nob
P12272	Q14974	24	20	270	0.887	0	0	0	0	0.882	0	0.078	0	10	0.057717216906	0.212151665442	0.0151446123989	nob
P30990	Q99523	13	13	144	0.796	0	0	0	0	0.36	0	0.694	0	10	0.108694464423	0	0.0151446123989	nob
P15891	P53974	24	19	117	0.977	0	0	0	0.067	0.928	0	0.697	0	10	0.0200760321818	0.59209719569	0.0640990230188	nob
P20248	Q99741	12	32	191	0.999	0	0	0	0.695	0.918	0.9	0.74	0	10	0.0878609430863	0.13189036997	0.392143121384	nob
P00533	Q9ULV8	15	19	1162	0.969	0	0	0	0	0.776	0.8	0.373	0	10	0.618510481483	0.178693497984	0.244185953233	nob
P62826	Q92973	15	21	255	0.946	0	0	0	0.106	0.885	0	0.517	0	10	0	0.196117765027	0.241163816843	nob
P76077	P76079	11	11	4	0.999	0.763	0.782	0	0.078	0.863	0.677	0.508	0.869	14	0	0	0	ob
P81274	Q1MX18	13	13	31	0.987	0	0	0	0	0.875	0	0.902	0	10	0	0.230032500835	0.367038535268	nob
P25054	P35222	14	19	684	0.999	0	0	0	0.054	0.96	0.9	0.777	0	10	0.618510481483	0.785422196816	0.397744942754	nob
Q13794	Q16548	22	13	40	0.914	0	0	0	0.071	0.829	0	0.5	0	10	0	0	0.0151446123989	nob
Q9BY67	Q9Y2J2	26	15	122	0.81	0	0	0	0	0.36	0	0.715	0	10	0	0.195523913468	0.0151446123989	nob
P02458	P04229	11	20	30	0	0	0	0	0	0	0	0	0	9	0	0.175247560727	0.0151446123989	nob
O00268	Q16514	15	22	106	0.999	0	0	0	0.06	0.983	0.9	0.826	0	10	0.618510481483	0.820716687073	0.419140977849	nob
P41182	Q9Y618	22	18	305	0.736	0	0	0	0.043	0.36	0	0.603	0	10	0.3638230621	0.376566306184	0.0151446123989	nob
P67775	Q13362	15	10	318	0.997	0	0	0	0.055	0.923	0.9	0.649	0	10	0	0.743582207366	0.0151446123989	ob
P0CG48	Q96G74	13	14	1561	0.447	0	0	0	0.054	0.36	0	0.16	0	10	0	0	-0.0	nob
P38054	P77239	22	19	0	0.999	0.552	0.782	0	0.154	0.989	0.9	0.543	0.87	14	0	0.00406794489623	0	ob
P05747	Q02753	19	19	44	0.999	0	0	0	0.993	0.962	0.9	0.364	0	10	0	0.612717700806	0	ob
P08238	Q02790	12	21	838	0.971	0	0	0	0.169	0.401	0.9	0.496	0	10	0.0157964442949	0.196117765027	0.808243584928	nob
P26715	P29350	22	14	161	0.895	0	0	0	0	0.36	0.8	0.249	0	10	0	-0.0	0.0151446123989	nob
P36383	Q07157	17	20	129	0.787	0	0	0	0	0.36	0	0.681	0	10	0	0	0	nob
Q13620	Q16531	29	22	626	0.998	0	0	0	0.27	0.923	0.9	0.78	0	10	0.815742493469	0.833921923416	0.641668466206	ob
Q14691	Q9BRX5	11	13	45	0.999	0	0	0	0.584	0.988	0.9	0.953	0	10	0	0.0818470781615	0	ob
P09038	P11362	15	20	142	0.999	0	0	0	0.043	0.885	0.9	0.923	0	10	0.947461351986	-0.0	0.852477177596	nob
P55055	Q15788	25	27	195	0.922	0	0	0	0	0.916	0	0.103	0	10	0.241033199521	0.0818470781615	0.301505855981	nob
P08253	P16035	19	20	68	0.999	0	0	0	0.17	0.901	0.9	0.967	0	10	0.282495623419	0.430653424026	0.0151446123989	ob
P04993	P07648	13	11	3	0.999	0	0.778	0	0.133	0.945	0.72	0.909	0.666	14	0.769454721539	1.0	1.0	ob
Q06696	Q12483	16	15	41	0.999	0	0	0	0.152	0.997	0.9	0.914	0	10	0.666607463668	0.94649366447	0.0640990230188	ob
P52298	Q09161	34	23	193	0.999	0	0	0	0.119	0.997	0.9	0.962	0	10	0.736387104757	0.785422196816	0.241163816843	nob
P01912	P04233	17	26	44	0	0	0	0	0	0	0	0	0	9	0.309024131418	0.392517440875	0.514283873234	nob
Q13042	Q8NHZ8	18	23	196	0.998	0	0	0	0.053	0.955	0.9	0.759	0	10	0.626994779049	0.69616301536	0.0151446123989	nob
P62508	Q15788	21	27	179	0.985	0	0	0	0	0.977	0	0.365	0	10	0.174464937092	0	0.0151446123989	nob
P01892	P33241	26	7	42	0	0	0	0	0	0	0	0	0	9	0	0.208234049197	0	nob
P55957	Q92843	19	19	118	0.517	0	0	0	0.045	0.359	0	0.277	0	11	0	0.196117765027	0.0151446123989	nob
O43617	O75865	15	13	94	0.997	0	0	0	0.101	0.828	0.9	0.845	0	10	0	0	0.0151446123989	ob
P52891	Q04491	21	16	195	0.999	0	0	0	0.068	0.993	0.9	0.847	0	10	0.377721041489	0.834681815052	0.0640990230188	ob
P02407	P32905	24	15	151	0.999	0	0	0	0.998	0.923	0.9	0.295	0	10	0	0	0	ob
P84022	Q96PU5	22	18	641	0.974	0	0	0	0.052	0.678	0.9	0.257	0	10	0.45095091836	0.140336661817	0.0151446123989	nob
P0AFX7	P0AGB6	15	13	25	0.999	0	0.284	0	0.619	0.99	0	0.718	0.825	14	0	0	0.102886619617	nob
P25942	Q9Y4K3	12	22	688	0.984	0	0	0	0	0.591	0.9	0.66	0	10	0.139788294961	0.0277533610285	1.0	nob
P61586	Q07960	24	18	232	0.993	0	0	0	0.053	0.604	0.9	0.84	0	10	0.541217952649	0.196117765027	0.0151446123989	nob
P55211	Q13490	24	21	223	0.994	0	0	0	0	0.712	0.9	0.826	0	10	0.0723703227921	0.0659936609415	0.163146898342	nob
Q16531	Q5TAQ9	22	24	351	0.9	0	0	0	0.052	0.12	0.9	0.193	0	11	0	0.672056272972	0.0151446123989	nob
P06730	Q13542	15	25	85	0.993	0	0	0	0	0.933	0	0.902	0	10	0	0	0.0151446123989	nob
P06730	Q13541	15	28	125	0.999	0	0	0	0	0.99	0.9	0.976	0	10	0.455782252351	0.13189036997	0.719399617463	nob
P05737	P0CX23	14	23	84	0.997	0	0	0	0.912	0.868	0.8	0.555	0	11	0	0.612717700806	0	ob
P46674	Q08231	23	16	110	0.999	0	0	0	0	0.984	0.9	0.895	0	10	0	0.832391708124	0.0640990230188	ob
P05738	P0CH08	18	14	50	0.999	0	0	0	0.998	0.608	0	0.449	0	10	-0.0	0.612717700806	0	ob
Q96FZ7	Q9BRG1	18	18	69	0.999	0	0	0	0.103	0.986	0.9	0.907	0	10	0	0.685835392178	0.540553543267	nob
P28482	P35236	26	23	305	0.995	0	0	0	0.055	0.795	0.9	0.773	0	10	0	0.0659936609415	0.0151446123989	nob
P05756	P35997	15	14	100	0.999	0	0	0	0.98	0.925	0	0.471	0	10	0	0.736072782622	1.0	ob
P26368	Q01081	32	21	452	0.999	0	0	0	0.121	0.995	0.9	0.951	0	10	0	0.928474065605	0.241163816843	nob
P52564	Q16539	24	26	273	0.962	0	0.115591	0	0.069	0.41	0.9	0.304648	0	10	0	0.0818470781615	0.363218091357	nob
P04037	P10507	22	32	153	0.994	0	0	0	0.264	0.914	0.9	0.202	0	10	0.141794547589	0.481145042216	0.11333542771	nob
P0CG47	Q9H3M9	13	18	224	0.907	0	0	0	0.053	0.101	0.9	0	0	10	0.31040183307	0	-0.0	nob
P06701	P11938	26	22	105	0.995	0	0	0	0	0.927	0	0.934	0	10	0.801967410416	0.710078297887	0.438206389458	nob
P0A786	P0A7F3	16	22	2	0.999	0.292	0.782	0	0.645	0.99	0.964	0.283	0.867	14	0	0.098574476638	0.102886619617	nob
P38398	Q9BX63	13	22	600	0.995	0	0	0	0.136	0.866	0.9	0.629	0	10	0.243324516011	0.140336661817	0.0151446123989	nob
P0A7S3	P0AG63	24	20	0	0.999	0	0	0	0.979	0.989	0.23	0.142	0.367	14	0.0361519725109	1.0	0.576562228938	ob
P10507	P17505	32	18	61	0.813	0	0	0	0.734	0.069	0	0.307	0	10	0	0.406927414892	0.11333542771	nob
P46673	P53011	16	13	109	0.999	0	0	0	0.143	0.997	0.9	0.97	0	10	0	0.834681815052	0.0640990230188	ob
O60573	Q13541	13	28	233	0.973	0	0	0	0.049	0.781	0.8	0.444	0	10	0	0.0198939336995	0.0151446123989	nob
P0A7U3	P0AG59	19	23	6	0.999	0	0.293	0	0.994	0.997	0.976	0.616	0.602	14	0	1.0	0	ob
Q13285	Q15596	15	26	117	0.965	0	0	0	0	0.956	0	0.254	0	10	0	0.0818470781615	0.0151446123989	nob
P29366	Q03497	36	13	295	0.998	0	0	0	0.058	0.959	0.8	0.84	0	10	0	0.499079160978	0.0640990230188	nob
P14598	P19878	26	18	83	0.999	0	0	0	0.086	0.866	0.9	0.979	0	10	0	0.13189036997	0.0151446123989	nob
P00734	P07204	19	9	25	0.996	0	0	0	0	0.866	0.9	0.791	0	10	0	0.384088405278	0.0151446123989	nob
P49841	Q92837	28	15	429	0.966	0	0	0	0	0.41	0.9	0.483	0	10	0	0.0659936609415	0.0151446123989	nob
P04229	Q16655	20	13	7	0	0	0	0	0	0	0	0	0	9	0	0.212151665442	0.0151446123989	nob
P52948	P78406	22	23	228	0.994	0	0	0	0.126	0.791	0.8	0.865	0	10	0	0.652528370052	0.0151446123989	nob
P63208	Q9Y297	12	20	684	0.995	0	0	0	0	0.757	0.9	0.823	0	10	0.484836474079	0.659902228467	0.625678447137	ob
P31751	P49841	22	28	476	0.968	0	0	0	0.067	0.603	0.9	0.217905	0	10	0.251476970951	0.230032500835	0.4208439103	nob
P55957	Q07820	19	17	149	0.617	0	0	0	0.049	0.452	0	0.325	0	10	0.285801501591	0.0659936609415	0.0151446123989	nob
P10826	Q15788	17	27	151	0.743	0	0	0	0	0.709	0	0.152	0	10	0	0.129736483021	0.0151446123989	nob
P37231	Q15788	29	27	284	0.995	0	0	0	0	0.925	0.9	0.408	0	10	0.241033199521	0.0818470781615	0.666335686461	nob
P55210	P98170	26	17	257	0.999	0	0	0	0.054	0.962	0.9	0.777	0	10	0.282495623419	0.0759928894186	0.163146898342	nob
P11488	Q13432	20	19	186	0	0	0	0	0	0	0	0	0	10	0	0.0789564956921	0	nob
Q5RKV6	Q9Y3B2	16	13	134	0.999	0	0	0	0.285	0.988	0.9	0.924	0	10	0	0.701742217916	0.844290872737	ob
P10147	P14735	19	20	91	0	0	0	0	0	0	0	0	0	10	0.411353430272	0.169016947297	0.750180418479	nob
P46655	P46672	11	18	203	0.999	0	0	0	0.337	0.997	0.72	0.947	0.055	10	-0.0	0.867173571283	0.0640990230188	ob
P49137	Q16539	18	26	303	0.998	0	0.123903	0	0.055	0.976	0.9	0.274482	0	10	0.385672878092	0.196117765027	0.4208439103	nob
P30622	P68363	28	14	166	0	0	0	0	0	0	0	0	0	10	0	0.523160633438	0.0151446123989	nob
P54198	Q9Y294	14	24	93	0.999	0	0	0	0.059	0.958	0.9	0.908	0	10	0.788008152424	0.459103544489	0.0151446123989	nob
P61964	Q03164	29	17	305	0.998	0	0	0	0.072	0.914	0.9	0.815	0	10	0.715513907237	0.659902228467	0.744827441852	nob
P32570	Q99278	14	15	92	0.999	0	0	0	0.455	0.972	0.9	0.697	0	10	0	0.696144284407	0.0640990230188	ob
P20248	Q01094	12	14	258	0.988	0	0	0	0.319	0.578	0.9	0.657	0	10	0.074151828431	0.247753286124	0.0151446123989	nob
P0CX55	Q3E792	23	18	30	0.999	0	0	0	0.999	0.919	0.9	0.285	0	10	0	0	0	ob
Q07812	Q07820	10	17	173	0.984	0	0	0	0	0.789	0.9	0.29548	0	10	0.285801501591	0.856948131211	1.0	nob
Q14141	Q15019	7	25	152	0.957	0	0	0	0.135	0.921	0.36	0.094588	0	10	0	0.898163938346	0.0151446123989	ob
P0A6P9	P21513	13	22	12	0.985	0	0	0	0	0.977	0	0.357	0.046	14	0	1.0	0.102886619617	nob
Q07157	Q9Y624	20	26	132	0.97	0	0	0	0.054	0.36	0.8	0.781	0	10	0	0.621956667645	0.397744942754	nob
Q07812	Q07817	10	23	223	0.996	0	0	0	0	0.956	0.9	0.307506	0	10	0.852915502957	0.856948131211	1.0	nob
P05106	P79483	12	20	58	0	0	0	0	0	0	0	0	0	9	0	0.178693497984	0	nob
P0CX49	P10664	25	16	134	0.999	0	0	0	0.99	0.966	0	0.243	0.044	10	0	0.612717700806	0	ob
P35222	Q9NQB0	19	11	485	0.996	0	0	0	0	0.693	0.9	0.898	0	10	0.523867667727	0.928474065605	0.537752981056	nob
P60953	Q07912	15	23	374	0.968	0	0	0	0.053	0.403	0.9	0.51	0	10	0.277189501139	0.208234049197	0.750180418479	nob
P36149	Q03784	16	26	51	0.999	0	0	0	0.084	0.997	0.9	0.93	0	10	0	1.0	1.0	ob
P00533	P01133	15	17	1125	0.999	0	0	0	0	0.875	0.9	0.978	0	10	0.618510481483	0.351684860246	0.540553543267	nob
P12004	Q15054	15	21	360	0.999	0	0	0	0.169	0.988	0.9	0.823	0	10	0	0.0818470781615	0.0151446123989	nob
P00533	P01135	15	15	1122	0.994	0	0	0	0	0.866	0.9	0.63	0	10	0.618510481483	0.551762237025	0.0151446123989	nob
P25054	Q07666	14	23	477	0	0	0	0	0	0	0	0	0	10	0.309024131418	0.140336661817	0.0151446123989	nob
P38630	P40339	26	12	90	0.999	0	0	0	0.149	0.997	0.9	0.2626	0	10	1.0	0.928779226847	1.0	ob
P10600	P36897	27	18	198	0.982	0	0	0	0.051	0.528	0.9	0.647	0	10	0.614493029776	0.0428243019057	0.916473594327	ob
P01892	P78358	26	10	93	0	0	0	0	0	0	0	0	0	9	0	0.0659936609415	0.0151446123989	nob
P13804	P38117	19	19	123	0.999	0	0.526	0	0.85	0.943	0.939	0.931	0.309	10	0.815742493469	0.269560034884	0.766181858489	ob
P46674	Q6WNK7	23	17	216	0.999	0	0	0	0	0.972	0.9	0.852	0	10	0.16280471686	0.832391708124	0.0640990230188	ob
P22804	P40482	18	11	156	0.954	0	0	0	0.059	0.654	0	0.87	0	10	0.627477719174	0.630060544907	0.0640990230188	nob
P0A836	P0AGE9	11	13	0	0.999	0.752	0.782	0	0.98	0.991	0.966	0.695	0.881	14	0	1.0	0.102886619617	ob
Q13191	Q9Y5K6	18	21	204	0	0	0	0	0	0	0	0	0	10	0	0.0789564956921	0.0151446123989	nob
O95405	P84022	20	22	502	0.978	0	0	0	0.055	0.36	0.9	0.692	0	10	0.850496937363	0.300964376933	0.2758854342	nob
Q9NZI2	Q9UK17	17	22	39	0.998	0	0	0	0.053	0.915	0.9	0.871	0	10	0.457773356899	0.607190075727	0.0151446123989	ob
P01123	Q03784	29	26	98	0.993	0	0	0	0	0.821	0.9	0.657	0	10	0	0.440443680302	0.0640990230188	ob
P39079	P40413	19	11	162	0.999	0	0	0	0.978	0.958	0.9	0.20604	0	10	0.494140562128	0.775036565185	1.0	ob
P00128	P00163	14	22	45	0.999	0	0	0	0	0.996	0.9	0.598	0	10	0	1.0	0	ob
P07910	P30479	15	31	213	0	0	0	0	0	0	0	0	0	9	0	0	0	nob
P63165	Q9UER7	19	19	458	0.956	0	0	0	0	0.78	0	0.81	0	10	0.777221258907	0.627693452198	1.0	nob
Q01968	Q8N4B1	6	12	84	0.875	0	0	0	0	0.697	0	0.603	0	10	0	0.649132662433	0.0151446123989	nob
P05759	P48589	14	23	75	0.999	0	0	0	0.988	0.991	0.9	0.111	0	10	0	0.736072782622	0	ob
P0A7N4	P0AG44	23	21	1	0.998	0	0.163	0	0.826	0.989	0.23	0.197	0	14	1.0	1.0	0.534268781127	ob
P04234	P07766	22	16	43	0.998	0	0	0	0.312	0.87	0.9	0.814	0	10	0	0.743582207366	1.0	nob
P0A7W7	P0AG63	12	20	17	0.999	0	0.449	0	0.994	0.989	0.976	0.633	0.601	14	1.0	1.0	0.576562228938	ob
P38144	P43596	15	20	102	0.999	0	0	0	0	0.972	0.9	0.892	0	10	0	1.0	0.898949060236	ob
P07357	P07358	26	19	2	0.991	0	0	0	0.349	0.866	0.9	0.125852	0	10	0	0.815108141761	0	ob
P26449	P47074	19	20	42	0.999	0	0	0	0.111	0.997	0.9	0.809	0	10	0	0.832391708124	0.0640990230188	nob
P12612	P42943	11	23	113	0.995	0	0	0	0.708	0.853	0.9	0.12104	0	10	0.494140562128	0.775036565185	1.0	ob
P25604	P40343	24	30	100	0.998	0	0	0	0	0.953	0.72	0.903	0	10	0.666607463668	0.752991630302	0.549986466584	nob
Q16531	Q5T6F0	22	29	302	0.987	0	0	0	0.05	0.859	0.9	0.143	0	10	0	0.672056272972	0	nob
O75376	P20393	16	27	200	0.964	0	0	0	0	0.566	0.9	0.241	0	10	0.212530490077	0.459103544489	0.376626742024	nob
P01892	P04626	26	16	318	0	0	0	0	0	0	0	0	0	9	0.469390151542	0.212151665442	0.0151446123989	nob
P61964	Q9UMN6	29	12	244	0.992	0	0	0	0.072	0.778	0.9	0.682	0	10	0	0.577504130782	0.744827441852	nob
P01892	P02771	26	21	29	0	0	0	0	0	0	0	0	0	9	0	0.0659936609415	0.0151446123989	nob
P02406	Q12690	9	22	119	0.999	0	0	0	0.996	0.962	0	0.048	0	10	0	0.612717700806	0	ob
P10153	P13489	18	13	44	0.862	0	0	0	0	0.8	0	0.341	0	10	-0.0	0.196117765027	-0.0	nob
P01241	P10912	29	23	142	0.997	0	0	0	0	0.866	0.9	0.845	0	10	0.66909398061	0.928474065605	0.0151446123989	nob
P0A734	P0AEZ3	28	16	15	0.999	0	0.778	0	0.582	0.997	0	0.959	0.88	14	0.612083086352	0.124861284233	0.380429111985	nob
O15392	Q5FBB7	13	25	121	0.94	0	0	0	0.236	0	0.9	0.282	0	10	0.350880134532	0.663796657095	0.242362391951	nob
P29353	P62993	32	15	1157	0.999	0	0	0	0.056	0.92	0.9	0.982	0	10	0.197523432112	0.208234049197	0.828731307011	nob
P11940	Q71RC2	29	15	295	0.754	0	0	0	0.072	0.545	0	0.464	0	10	0	0.642370328027	0.754969895809	nob
P12004	P38936	15	13	700	0.997	0	0	0	0	0.798	0.9	0.899	0	10	0.365604975516	0.928474065605	0.363218091357	nob
P20433	P34087	18	25	131	0.999	0	0	0	0.133	0.997	0.9	0.973	0	10	0.598225797154	1.0	1.0	ob
P25443	P32905	17	15	142	0.999	0	0	0	0.998	0.924	0.949	0.506	0.096	10	0	0.736072782622	1.0	ob
P52272	Q92973	15	21	353	0.486	0	0	0	0.056	0.41	0	0.15	0	10	0	0.196117765027	0.241163816843	nob
P11940	Q9HCJ0	29	17	307	0.984	0	0	0	0.054	0.966	0	0.541	0	10	0.469390151542	0	0.0151446123989	nob
Q13114	Q92844	17	9	231	0.968	0	0	0	0.047	0.354	0.9	0.542	0	10	0	0	1.0	nob
P83916	Q5FBB7	11	25	132	0	0	0	0	0	0	0	0	0	10	0	0.520744788305	0.242362391951	nob
P22059	Q9P0L0	7	22	321	0.991	0	0	0	0.053	0.678	0.9	0.766	0	10	-0.0	0.410740403099	0.367038535268	nob
P10275	Q13772	15	19	379	0.971	0	0	0	0	0.866	0	0.795	0	10	0.329024221745	0.0659936609415	0	nob
P49687	Q04491	25	16	170	0.999	0	0	0	0.042	0.997	0.9	0.92	0	10	0.377721041489	0.834681815052	0.349451328859	ob
P0AAJ3	P24183	20	18	1	0.999	0	0.778	0	0.647	0.698	0.9	0.704	0.883	14	0.721256474879	1.0	1.0	ob
P62805	Q9NQR1	23	12	334	0.801	0	0	0	0.089	0.8	0	0.005868	0	23	0.146607994144	0.0818470781615	0.0151446123989	nob
P04819	P15873	29	22	104	0.999	0	0	0	0.602	0.994	0.9	0.972	0	10	0.922748150699	0.117508290539	-0.0	nob
O15164	P68431	13	26	536	0.515	0	0	0	0.075	0.46	0.9	0.137	0	19	0.074151828431	0.111405900328	0.523996724343	nob
P39078	P47079	18	8	130	0.999	0	0	0	0.979	0.983	0.9	0.240198	0	10	0.494140562128	0.775036565185	1.0	ob
P23638	P25451	18	16	128	0.999	0	0.0735	0	0.948	0.997	0.958	0.414	0	11	1.0	0.725590945757	0.0640990230188	ob
P05055	P21513	19	22	13	0.62	0	0.173	0	0.127	0.529	0.9	0.128	0.067	14	0	0.108938323259	0.581659539949	nob
O14893	Q16637	33	25	401	0.993	0	0	0	0.056	0.94	0.9	0.00434	0	11	0.641030982614	0.87790081808	0.0151446123989	nob
P32499	Q02821	22	33	398	0.999	0	0	0	0.089	0.972	0.636	0.914	0	10	0	0.177801898894	0.343695925118	nob
P00533	P22681	15	12	1398	0.995	0	0	0	0	0.785	0.9	0.822	0	10	0	0.208234049197	0.397744942754	nob
P01903	P04229	19	20	50	0	0	0	0	0	0	0	0	0	9	0	0.602702842206	0.698502972593	ob
P39077	P47079	14	8	169	0.999	0	0.072819	0	0.982	0.997	0.9	0.226809	0	10	0.494140562128	0.775036565185	1.0	ob
O14646	P68431	33	26	500	0.618	0	0	0	0.09	0.265	0.9	0.502	0	19	0	0.176552540083	0.523996724343	nob
P03372	Q15596	7	26	855	0.997	0	0	0	0	0.941	0.9	0.639	0	10	0	0.111405900328	0.522340763563	nob
P06710	P28631	17	11	36	0.999	0	0.102575	0	0.247	0.999	0.8	0.312201	0.357	14	0	0.745921597492	0.102886619617	ob
P04637	Q00987	23	28	1680	0.999	0	0	0	0.158	0.791	0.9	0.976	0	10	0.920644611288	0.307219941542	1.0	nob
Q07869	Q15788	22	27	180	0.995	0	0	0	0	0.939	0.9	0.366	0	10	0.289436271185	0.129736483021	0.376626742024	nob
P32585	P38304	20	22	161	0.998	0	0	0	0	0.972	0.9	0.626	0	10	0.307481785553	0.696144284407	0.490758429886	nob
Q9NTG7	Q9NUB1	8	14	76	0.979	0	0	0	0	0.362	0.9	0.701	0	10	0.0490000723033	0.269560034884	0.0151446123989	nob
P62805	Q16576	23	21	481	0.801	0	0	0	0.089	0.8	0	0.005868	0	23	0.163737920975	0.247753286124	0.0151446123989	nob
P08238	P31948	12	9	962	0.999	0	0	0	0.966	0.976	0	0.766	0	10	0	0.230032500835	0.241163816843	nob
P0CX55	P39015	23	27	206	0.811	0	0	0	0.811	0	0	0	0	10	0	0	0	ob
P02916	P68183	14	14	4	0.999	0	0.778	0	0.865	0.986	0.9	0.924	0.865	14	1.0	1.0	1.0	ob
P19793	Q9Y618	27	18	265	0.995	0	0	0	0	0.934	0.9	0.326	0	10	0.3638230621	0.459103544489	0.301505855981	nob
P0CX23	P36105	23	17	55	0.997	0	0	0	0.912	0.868	0.8	0.622	0	11	0	0.612717700806	0	ob
Q9Y230	Q9Y265	15	17	538	0.999	0	0.036156	0	0.791	0.989	0.9	0.066447	0	10	0.706350167761	0.833921923416	0.709819934058	ob
O60494	P27352	22	28	18	0.987	0	0	0	0	0.36	0.9	0.822	0	10	0	0.534523907512	0.00868784136971	ob
Q16548	Q16611	13	17	72	0.964	0	0	0	0	0.867	0	0.739	0	10	0	0	0.0151446123989	nob
P02452	P02751	13	15	804	0.831	0	0	0	0.146	0.672	0	0.446	0	10	0.431027814474	0.616796086802	0.750180418479	nob
P36941	Q13114	12	17	225	0.962	0	0	0	0	0.378	0.9	0.441	0	10	0	0	1.0	nob
O00499	P01106	10	19	723	0.735	0	0	0	0	0.36	0	0.603	0	10	0.651255028344	0.0198939336995	0.37511728094	nob
P20226	P52657	18	22	198	0.999	0	0	0	0.086	0.982	0.9	0.883	0	10	0.777221258907	0.886634076156	0.430480827809	ob
P05556	P08648	8	24	163	0.995	0	0	0	0.056	0.633	0.9	0.874	0	10	0.671823278928	0.624637080966	0.0151446123989	ob
P02829	P38825	19	19	787	0.687	0	0	0	0.068	0.521	0	0.354	0	10	0	0.068652756564	0	nob
Q16665	Q9GZT9	17	20	231	0.995	0	0	0	0	0.565	0.9	0.905	0	10	0.874224684661	0.13189036997	0.0151446123989	nob
P19429	P63316	29	15	35	0.997	0	0	0	0.211	0.914	0.9	0.712	0	10	0.0566547681034	0.799201316023	1.0	ob
P03372	Q8WTS6	7	7	828	0.499	0	0	0	0	0.395	0	0.206	0	10	0.163737920975	0.176552540083	0.0151446123989	nob
Q5TBB1	Q8TDP1	11	21	47	0.999	0	0	0	0.104	0.873	0.9	0.946	0	10	0.547639390337	0.886634076156	0	ob
P05748	P17076	18	23	146	0.999	0	0	0	0.998	0.966	0	0.295	0	10	0	0.612717700806	0	ob
P18206	Q9Y490	13	9	201	0.999	0	0	0	0.062	0.993	0.9	0.796	0	10	0	0.384617586493	0.397744942754	nob
P62877	Q13616	16	22	897	0.999	0	0	0	0.055	0.972	0.9	0.908	0	10	0.68996717813	0.659902228467	0.450928201055	ob
P13498	P14598	17	26	63	0.999	0	0	0	0.097	0.665	0.9	0.972	0	10	0.210659386108	0.799201316023	0.618659036084	nob
Q04206	Q8TBK2	21	27	418	0.691	0	0	0	0	0.36	0	0.537	0	10	0.074151828431	0.13189036997	0.653288933119	nob
P30464	P51965	27	26	158	0	0	0	0	0	0	0	0	0	9	0	0.0461233151169	0	nob
O75533	Q96I25	11	24	271	0.978	0	0	0	0.124	0.618	0.9	0.43	0	10	0	0.139730863604	0.0151446123989	nob
P08709	P13726	17	22	29	0.999	0	0	0	0	0.916	0.9	0.974	0	10	1.0	0.928474065605	0.639764184332	ob
P00968	P0A6F1	18	26	10	0.999	0.899	0.782	0	0.98	0.991	0.966	0.635	0.861	14	0	1.0	0.102886619617	ob
P56524	P61981	13	20	749	0.468	0	0	0	0.059	0.457	0	0	0	10	0	0.0277533610285	0.242362391951	nob
P05412	P15336	23	13	513	0.989	0	0	0	0.096	0.848	0.9	0.313904	0	10	0.291532709483	0.376566306184	1.0	ob
P38862	P40344	20	28	41	0.999	0	0	0	0.224	0.997	0.9	0.97	0	10	1.0	0.275937008718	0.0640990230188	nob
P02686	Q30154	19	15	99	0	0	0	0	0	0	0	0	0	10	0	0.0198939336995	0	nob
P20248	P46527	12	17	234	0.997	0	0	0	0.055	0.954	0.9	0.445	0	10	0.559213442539	0.391116504701	0.985366447201	nob
P53779	Q9UQF2	29	20	94	0.949	0	0	0	0.105	0.169	0.8	0.697	0	10	0	0.0198939336995	0.0151446123989	nob
P30443	P43355	28	21	98	0	0	0	0	0	0	0	0	0	9	0.207231416674	0.0277533610285	0.0151446123989	nob
P28482	Q9BUB5	26	20	334	0.992	0	0	0	0.089	0.897	0.9	0.228592	0	10	0.465028266804	0.0818470781615	0.4208439103	nob
P43487	P62826	21	15	227	0.999	0	0	0	0.542	0.988	0.9	0.753	0	10	0	0.0659936609415	0.397744942754	ob
P04271	P52907	11	18	170	0.933	0	0	0	0	0.36	0.9	0	0	10	0	0.0716344849992	0.0151446123989	nob
P68431	Q96T88	26	14	536	0.9	0	0	0	0.09	0.133	0.9	0.000451	0	18	0.328698515619	0.459103544489	0.523996724343	nob
P46100	P84243	16	27	213	0.693	0	0	0	0.122	0.458	0.9	0.456	0	11	0.663243755442	0.459103544489	0.523996724343	nob
P21333	Q8WUP2	10	24	356	0.999	0	0	0	0.054	0.966	0.9	0.759	0	10	0	0.41177059579	0.37846682053	nob
P01112	P20936	20	10	222	0.996	0	0	0	0.104	0.873	0.9	0.756	0	10	0.424837894813	0	0.359271462707	nob
P00734	P12259	19	14	34	0.984	0	0	0	0.113	0.443	0.9	0.725	0	10	0	0.195557262214	0.0151446123989	nob
P16370	P38902	16	16	348	0.999	0	0	0	0.179	0.999	0.924	0.93	0	10	0	0.752991630302	1.0	ob
P0C0W1	P25443	20	17	138	0.999	0	0	0	0.999	0.924	0.949	0.499	0.321	10	0	0.736072782622	1.0	ob
P01112	Q07889	20	9	196	0.994	0	0	0	0.053	0.884	0.9	0.583	0	10	0	0.0659936609415	0.0151446123989	nob
P07992	P23025	20	17	98	0.999	0	0	0	0.054	0.989	0.9	0.969	0	10	0.368791659897	0.410059277782	0.641668466206	nob
Q96AY2	Q96NY9	25	35	63	0.999	0	0	0	0.068	0.933	0.9	0.975	0	10	0	0	0.0151446123989	ob
O94829	P63279	8	19	610	0.952	0	0	0	0.054	0.874	0	0.634	0	10	-0.0	0	0.0151446123989	nob
P60953	Q9NQU5	15	24	306	0.995	0	0	0	0.054	0.759	0.9	0.817	0	10	0	0.341878942943	0.0151446123989	nob
P22681	Q9C004	12	18	310	0.944	0	0	0	0	0.357	0.9	0.21	0	10	0	-0.0	0.0151446123989	nob
P05386	P05387	16	18	281	0.999	0	0	0	0.975	0.994	0.9	0.823	0	10	0	0.734138945971	0.704954355191	ob
P01903	P60174	19	21	141	0.846	0	0	0	0	0.846	0	0	0	10	0	0.196117765027	0.0151446123989	nob
P25791	Q86U70	16	22	329	0.995	0	0	0	0.07	0.967	0	0.853	0	10	0.193859579417	0.498515419303	1.0	nob
P48415	Q04491	25	16	151	0.994	0	0	0	0	0.972	0	0.791	0	10	0.0200760321818	0.763554294975	0.0640990230188	ob
Q15554	Q9H816	19	29	315	0.986	0	0	0	0	0.953	0	0.729	0	10	0	0.535664141333	1.0	nob
P01834	P18465	21	24	8	0	0	0	0	0	0	0	0	0	0	0	0	0	nob
P11142	P25685	17	24	673	0.999	0	0.387	0	0.436	0.552	0.924	0.919	0.309	10	0.682578445152	0.196117765027	0.808243584928	nob
O95630	Q9Y3E7	24	15	132	0.925	0	0	0	0.061	0.56	0	0.832	0	10	0	0.196117765027	0.0151446123989	nob
O15169	P25054	16	14	363	0.997	0	0	0	0.067	0.924	0.9	0.695	0	10	0.336434701446	0.773268152311	1.0	nob
P23639	P25043	16	11	131	0.999	0	0	0	0.981	0.997	0.958	0.551	0	11	1.0	0.725590945757	0.0640990230188	ob
P01031	P13671	16	22	21	0.99	0	0	0	0.22	0.866	0.9	0.193	0	10	0	0.815108141761	0.0151446123989	ob
P29074	Q12879	11	12	60	0	0	0	0	0	0	0	0	0	10	0	0.208234049197	0.0151446123989	nob
O60880	Q13291	21	29	149	0.996	0	0	0	0.089	0.88	0.8	0.846	0	10	0.173370983061	-0.0	0.0151446123989	nob
P35269	Q9Y5B0	14	12	164	0.999	0	0	0	0.103	0.966	0.9	0.893	0	10	0	0.139730863604	0.376626742024	nob
P07766	P43405	16	19	164	0.949	0	0	0	0.109	0.365	0.9	0.204	0	10	0	0.743582207366	0.0151446123989	nob
P36897	P37173	18	10	284	0.982	0	0	0	0.095	0.779	0.9	0.176064	0	10	0.815742493469	0.498515419303	0.828731307011	ob
O14907	P48050	16	22	30	0	0	0	0	0	0	0	0	0	10	0	0.0128003121328	0.0151446123989	nob
P0A7L3	P0AG48	18	15	0	0.995	0	0.156	0	0.487	0.989	0.9	0.142	0	14	0	1.0	0	ob
P52565	P61586	15	24	311	0.998	0	0	0	0.097	0.803	0.9	0.921	0	10	0	0.196117765027	0.0151446123989	nob
Q16531	Q96JK2	22	14	323	0.987	0	0	0	0	0.876	0.9	0.057	0	10	0	0.672056272972	0	nob
P0A855	P0A912	14	16	16	0.999	0.395	0.743	0	0.23	0.97	0	0.694	0.82	14	0.0361519725109	1.0	0.102886619617	nob
Q96FZ7	Q9UN37	18	14	61	0.998	0	0	0	0.055	0.898	0.9	0.907	0	10	-0.0	0.773268152311	0.0151446123989	nob
Q16531	Q58WW2	22	27	325	0.988	0	0	0	0.067	0.87	0.9	0.126	0	10	0	0.672056272972	0.0151446123989	nob
P02753	P02766	11	11	91	0.993	0	0	0	0.119	0.688	0.9	0.778	0	10	0	0.196117765027	0.0151446123989	ob
P68431	Q03164	26	17	579	0.461	0	0	0	0.054	0.259	0.9	0.293	0	19	0.328698515619	0.194840744558	0.523996724343	nob
O75340	Q8WUM4	13	19	266	0.854	0	0	0	0.054	0.446	0	0.743	0	10	0.0878609430863	0.196117765027	1.0	nob
P11474	Q9UBK2	18	12	108	0.994	0	0	0	0	0.721	0.9	0.824	0	10	0	0.111405900328	0.348707190536	nob
O43745	P19634	14	18	46	0.961	0	0	0	0.052	0.896	0	0.633	0	10	0.9138045368	0.208234049197	0.0151446123989	nob
Q03067	Q6WNK7	20	17	173	0.998	0	0	0	0	0.911	0.9	0.873	0	10	0	0.970113239452	0.451059522374	nob
P32909	Q12186	24	27	92	0.67	0	0	0	0.079	0.577	0	0.222	0	10	-0.0	0.260366999719	0	nob
P08191	P31697	18	14	7	0.997	0	0.747	0	0.107	0.985	0	0.648	0.58	12	0	-0.0	0.102886619617	ob
P04632	P17655	4	23	121	0.98	0	0	0	0.055	0.785	0.9	0.09504	0	10	0	0.196117765027	0.0151446123989	ob
O00213	P05067	9	6	2215	0.999	0	0	0	0.079	0.971	0.8	0.841	0	10	0.407405258824	0.586482844419	0.0151446123989	nob
Q15797	Q9HCE7	24	22	586	0.984	0	0	0	0.055	0.683	0.9	0.53	0	10	0.566764681756	0.140336661817	0.969506369834	nob
P05067	P08253	6	19	2162	0	0	0	0	0	0	0	0	0	10	0.282495623419	0.175247560727	0.0151446123989	nob
O60341	O95863	10	19	585	0.906	0	0	0	0	0.774	0	0.603	0	10	0.300324837308	0.0818470781615	0.242362391951	nob
O43521	Q16548	8	13	104	0.963	0	0	0	0	0.928	0	0.504	0	10	0	0	0.0151446123989	nob
P0CX84	Q12690	20	22	52	0.999	0	0	0	0.997	0.951	0.8	0.394	0	11	0	0.612717700806	0	ob
Q15788	Q96RI1	27	13	152	0.995	0	0	0	0	0.939	0.9	0.364	0	10	0.241033199521	0.459103544489	0.430480827809	nob
P01160	P14735	23	20	133	0	0	0	0	0	0	0	0	0	10	0.248856298566	-0.0	0.301505855981	nob
Q15369	Q96DX5	19	12	214	0.951	0	0	0	0	0.417	0.9	0.236	0	10	0	0	0.0151446123989	ob
P15705	P22202	24	19	119	0.98	0	0	0	0.433	0.871	0	0.746	0	11	0	0.0595338560881	0	nob
P02293	P40019	32	25	257	0.949	0	0	0	0	0.921	0	0.391	0	10	0.333214927336	0.135507232266	0.0640990230188	nob
P06213	P35568	10	23	173	0.999	0	0	0	0	0.901	0.9	0.98	0	10	0.736387104757	0.633123239439	0.776435074828	nob
P13393	P32773	17	16	177	0.992	0	0	0	0.067	0.96	0	0.821	0	10	0.752957293173	0.53859086016	0.48525410079	ob
P32379	P40303	23	26	152	0.999	0	0.067606	0	0.979	0.997	0.958	0.119042	0	11	1.0	0.834681815052	0	ob
P11831	P28324	9	18	72	0.947	0	0	0	0.042	0.666	0.8	0.273	0	10	0.163737920975	0.0818470781615	0.353490702462	ob
P49407	P63010	30	18	451	0.969	0	0	0	0	0.669	0.9	0.141	0	10	0	-0.0	0.0151446123989	nob
P32379	P40302	23	16	148	0.999	0	0.066432	0	0.958	0.997	0.958	0.090201	0	11	1.0	0.834681815052	0	ob
P0AB98	P68699	24	7	1	0.999	0	0.698	0	0.804	0.991	0.919	0.368	0.78	14	0	0.286032818035	0	ob
P52292	Q14974	23	20	511	0.915	0	0	0	0.045	0.57	0.8	0.047736	0	11	0.490041262424	0.140336661817	0.242362391951	nob
P40482	Q01590	11	14	204	0.995	0	0	0	0.08	0.654	0.9	0.866	0	10	0.627477719174	0.383978234172	0.0640990230188	nob
P0AC44	P69054	28	24	3	0.999	0	0.781	0	0.801	0.99	0.964	0.586	0.886	14	0	0.124861284233	1.0	ob
O60673	Q9UI95	15	17	91	0.999	0	0	0	0.047	0.902	0.9	0.937	0	10	0	0.928474065605	0.0151446123989	nob
P41182	Q6W2J9	22	16	283	0.999	0	0	0	0	0.984	0.9	0.721	0	10	0.300324837308	0.0818470781615	0.0151446123989	nob
O15234	P38919	25	24	339	0.999	0	0	0	0	0.976	0.9	0.925	0	10	0	0.690870054627	0.241163816843	nob
P06400	Q01094	24	14	425	0.999	0	0	0	0.229	0.984	0.9	0.821	0	10	0.561675593902	0.928474065605	0.676974486657	nob
P63098	Q08209	24	21	116	0.999	0	0.243	0	0.106	0.968	0.9	0.896	0	10	1.0	0.886634076156	0.920364566868	ob
Q07817	Q14457	23	29	250	0.985	0	0	0	0.078	0.909	0	0.839	0	10	0.0157964442949	0.140336661817	0.242362391951	nob
O43566	P63096	21	19	102	0.998	0	0	0	0.053	0.975	0.9	0.307	0	10	0	0.314429079925	0.0151446123989	nob
P10412	Q13185	30	12	240	0.407	0	0	0	0	0.36	0	0.112	0	10	0	0.720555999572	0.0151446123989	nob
O60671	O60921	18	18	66	0.999	0	0	0	0.096	0.997	0.9	0.689	0	10	0.610611789418	0.0818470781615	0.0151446123989	ob
P46937	Q15797	9	24	332	0.956	0	0	0	0.043	0.768	0.8	0.134	0	10	0.309024131418	0.247753286124	0.353490702462	nob
P12612	P40413	11	11	116	0.999	0	0	0	0.98	0.988	0.9	0.16564	0	10	0.494140562128	0.775036565185	1.0	ob
P01730	P04229	21	20	97	0	0	0	0	0	0	0	0	0	9	0	0.351684860246	0.0151446123989	ob
P19524	P53141	12	17	244	0.998	0	0	0	0.042	0.992	0	0.73	0	10	0.41656631168	0.530826099459	0.496522900626	nob
P03951	P05067	26	6	2123	0.85	0	0	0	0.054	0.815	0	0.215	0	10	0.40484681435	0.196117765027	0.0151446123989	nob
P16104	Q6ZW49	11	18	556	0.966	0	0	0	0.051	0.55	0.9	0.304	0	10	0.108694464423	0.139730863604	0.0151446123989	nob
P19634	Q99653	18	23	56	0.993	0	0	0	0.052	0.884	0.9	0.471	0	10	0.863383423096	0.384617586493	0.610141273566	nob
Q8WUW1	Q92558	25	13	83	0.992	0	0	0	0	0.779	0.9	0.675	0	10	0	0	0.0151446123989	ob
Q15554	Q9BSI4	19	19	473	0.998	0	0	0	0.064	0.954	0.9	0.761	0	10	0.282061965227	0.87790081808	0.638060825053	nob
O14810	P63027	12	18	119	0.973	0	0	0	0.055	0.368	0.9	0.61	0	10	0	0	0	ob
Q15631	Q99598	19	24	176	0.999	0	0	0	0.12	0.995	0.9	0.29348	0	10	0	0	0.0151446123989	ob
Q6NXT2	Q9UPP1	29	19	89	0	0	0	0	0	0	0	0	0	10	0	0.176552540083	0.452228231732	nob
P0A8Q0	P0A8Q3	21	15	0	0.999	0	0.782	0	0.66	0.991	0.966	0.515	0.874	14	0	1.0	1.0	ob
P39081	Q08685	16	20	118	0.999	0	0	0	0	0.972	0.72	0.893	0	10	1.0	0.696144284407	0.313475624888	nob
P08581	P22681	14	12	433	0.969	0	0	0	0	0.509	0.9	0.426	0	10	0	0.208234049197	0.0151446123989	nob
O14508	Q15369	14	19	203	0.988	0	0	0	0	0.97	0	0.626	0	10	0	0	0.0151446123989	ob
P21333	P26010	10	16	351	0.993	0	0	0	0.072	0.965	0.8	0.074	0	10	0	0.247753286124	0.0151446123989	nob
P05106	P06756	12	28	111	0.996	0	0	0	0.043	0.876	0.9	0.758	0	10	0.758217803333	0.928474065605	0.828731307011	ob
P55201	Q71DI3	20	26	150	0.935	0	0	0	0.054	0.339	0.9	0.088	0	10	0.328698515619	0.194840744558	0.0151446123989	nob
P55072	Q9UKV5	15	27	775	0.993	0	0	0	0.049	0.804	0.9	0.698	0	10	0.66909398061	0.752560921003	0.948926597865	nob
P20963	P43403	20	10	96	0.991	0	0	0	0.423	0.407	0.9	0.774	0	10	0	0.743582207366	0.0151446123989	nob
P38629	P40348	12	19	121	0.999	0	0.071484	0	0.927	0.997	0.958	0.123728	0	10	1.0	0.928779226847	1.0	ob
O43559	Q9UM73	15	22	174	0	0	0	0	0	0	0	0	0	10	0	0	0.750180418479	nob
Q07869	Q9Y618	22	18	189	0.995	0	0	0	0	0.936	0.9	0.341	0	10	0.3638230621	0.139730863604	0.242362391951	nob
P08518	P22139	19	24	243	0.999	0	0	0	0.055	0.999	0.9	0.929	0.056	10	0	0.752991630302	1.0	nob
P39078	P42943	18	23	111	0.997	0	0	0	0.834	0.854	0.9	0.164736	0	10	0.494140562128	0.775036565185	1.0	ob
P23638	P23639	18	16	168	0.999	0	0.0735	0	0.982	0.997	0.958	0.11172	0	11	1.0	0.834681815052	0.0640990230188	ob
P68431	Q9UPN9	26	9	545	0.9	0	0	0	0.09	0.133	0.9	0.000451	0	19	0.152177194915	0.0818470781615	0.0151446123989	nob
P63165	Q9P0U3	19	13	295	0.997	0	0	0	0.054	0.698	0.9	0.932	0	10	0	0.414215145898	0.163146898342	nob
P25054	Q12959	14	20	377	0.928	0	0	0	0.132	0.106	0.9	0.189	0	10	0.439267745617	0.621956667645	0.408940657615	nob
P23615	Q06505	12	16	66	0.999	0	0	0	0.149	0.993	0	0.939	0	10	0.351342757447	0	0.719103194729	nob
P11349	P11350	15	18	7	0.999	0	0.782	0	0.723	0.832	0.966	0.453	0.903	14	0	1.0	1.0	ob
P20248	P28749	12	12	220	0.986	0	0	0	0.198	0.521	0.9	0.696	0	10	0.232721873661	0.129736483021	0.0151446123989	nob
P25942	Q12933	12	28	736	0.985	0	0	0	0	0.663	0.9	0.609	0	10	0.285801501591	0.0277533610285	1.0	nob
P63146	Q9NS91	22	23	179	0.999	0	0	0	0	0.993	0.9	0.703	0	10	0.564191862791	0.664311594315	1.0	nob
P0A7R5	P0AG59	23	23	1	0.999	0	0.236	0	0.98	0.988	0.22	0.37	0.545	14	0.302745960792	1.0	-0.0	ob
O00482	Q15596	16	26	100	0.983	0	0	0	0	0.978	0	0.247	0	10	0	0.0818470781615	0.0151446123989	nob
P28630	P28631	14	11	46	0.999	0	0.275	0	0.062	0.988	0.964	0.534	0	14	0.594153987365	0.745921597492	0.102886619617	ob
P06609	P37028	18	22	1	0.993	0	0.749	0	0.058	0.775	0.677	0.539	0.342	14	1.0	0.00406794489623	0.0513713492484	ob
P00533	Q13191	15	18	1194	0.988	0	0	0	0	0.785	0.9	0.523	0	10	0	0.111405900328	0.0151446123989	nob
P54098	Q9UHN1	11	15	31	0.993	0	0	0	0.094	0.911	0	0.919	0	10	0	0.621956667645	0.0151446123989	ob
P26785	P36105	11	17	123	0.998	0	0	0	0.995	0.645	0	0.293	0.066	10	0	0.612717700806	1.0	ob
P07648	P08394	11	28	2	0.999	0	0.778	0	0.393	0.981	0.9	0.957	0.666	14	0.769454721539	1.0	0.770121204238	ob
P62314	P62316	20	23	272	0.999	0	0	0	0.645	0.989	0.9	0.886	0	10	0.641030982614	0.815108141761	0.241163816843	ob
O43597	P22681	20	12	473	0.978	0	0	0	0	0.676	0.9	0.391	0	10	0	0.0198939336995	0.0151446123989	nob
P30622	Q9P270	28	15	91	0	0	0	0	0	0	0	0	0	10	0	0.791968907618	0.0151446123989	nob
P38251	P38630	16	26	98	0.999	0	0	0	0.111	0.997	0.9	0.732	0	10	1.0	0.928779226847	1.0	ob
P25942	Q13114	12	17	210	0.991	0	0	0	0.089	0.591	0.9	0.796	0	10	0	0	1.0	nob
O75164	P68431	23	26	499	0.408	0	0	0	0.054	0.063	0.9	0.386	0	19	0.328698515619	0.176552540083	0.523996724343	nob
P16410	P33681	12	19	25	0.999	0	0	0	0	0.873	0.9	0.962	0	10	0.0723703227921	0.690870054627	0.0151446123989	nob
P10997	P14735	21	20	85	0.74	0	0	0	0	0.36	0	0.611	0	10	0.481859482321	0.0198939336995	0.750180418479	nob
Q06339	Q12308	29	22	30	0.999	0	0	0	0.084	0.972	0.9	0.898	0	10	1.0	0.855023979722	1.0	ob
O43157	Q9NZN5	14	17	56	0.981	0	0	0	0.053	0.399	0.9	0.71	0	10	0.173370983061	0.0128003121328	0.0151446123989	nob
Q13620	Q86VP6	29	20	1006	0.836	0	0	0	0.121	0.705	0	0.417	0	10	0.31040183307	0.520744788305	0.0151446123989	ob
P0A8S9	P0ABY7	15	17	8	0.999	0	0.782	0	0.577	0.99	0	0.752	0.886	13	0.626795945312	0	0	ob
P04637	P31947	23	19	1460	0.979	0	0	0	0.053	0.36	0.9	0.708	0	10	0.818503754541	0.13189036997	0.750180418479	nob
P30130	P31697	20	14	7	0.996	0	0.782	0	0.081	0.863	0	0.72	0.658	12	0.0361519725109	0.350057483021	-0.0	ob
Q13616	Q86VP6	22	20	1370	0.982	0	0	0	0.185	0.945	0	0.646	0	10	0.347764687168	0.520744788305	0.0151446123989	ob
P01892	Q92959	26	20	12	0	0	0	0	0	0	0	0	0	9	0	0	0	nob
O15392	Q9NR28	13	18	138	0.972	0	0	0	0.047	0.382	0.8	0.794	0	10	0	0.0659936609415	0.0151446123989	nob
P06213	Q14449	10	10	127	0.975	0	0	0	0	0.4	0.9	0.631	0	10	0	0.208234049197	0.301505855981	nob
Q7RTN6	Q9Y376	22	16	71	0.998	0	0	0	0.128	0.866	0.9	0.915	0	10	0.411353430272	0.0277533610285	0.719164128002	ob
P08069	P35568	26	23	175	0.996	0	0	0	0	0.529	0.9	0.932	0	10	0.842331631304	0.208234049197	0.776435074828	nob
P28347	P46937	24	9	192	0.998	0	0	0	0.118	0.897	0.9	0.86	0	10	0.134181705025	0.928474065605	1.0	nob
Q07820	Q9H2K2	17	25	129	0.883	0	0	0	0	0.851	0	0.249	0	10	0.0878609430863	0.0818470781615	0.0151446123989	nob
P62993	Q9UQC2	15	24	970	0.989	0	0	0	0.052	0.529	0.9	0.799	0	10	0.0723703227921	0.208234049197	0.363218091357	nob
P11940	Q9BPZ3	29	14	285	0.966	0	0	0	0	0.866	0	0.759	0	10	0.268601549762	0.0659936609415	0.0151446123989	nob
P49687	P52891	25	21	145	0.999	0	0	0	0.145	0.992	0.9	0.931	0	10	0.377721041489	0.834681815052	0.0640990230188	ob
P0A8Q6	P0ABT2	21	23	9	0.991	0	0	0	0.06	0.991	0	0.087	0	14	0	0	0.102886619617	ob
P09619	P27986	26	13	432	0.992	0	0	0	0	0.901	0.9	0.283	0	10	0.367415062641	0.140336661817	0.301505855981	nob
P04637	Q8WTS6	23	7	1153	0.979	0	0	0	0.054	0.378	0.9	0.684	0	10	0.365604975516	0.260193977086	0.573558748863	nob
P32585	P34162	20	24	173	0.999	0	0	0	0.073	0.972	0.9	0.922	0	10	0.801375333736	0.696144284407	1.0	ob
O43791	O75367	22	21	146	0.642	0	0	0	0.053	0.422	0	0.397	0	10	0	0.391116504701	0.242362391951	nob
P0CX51	P26783	35	27	92	0.999	0	0	0	0.998	0.996	0.949	0.38	0.321	10	0	0	0	ob
O75792	Q5TBB1	15	11	80	0.999	0	0	0	0.289	0.774	0.9	0.945	0	10	0.547639390337	0.886634076156	0	ob
P57740	Q8WUM0	30	31	172	0.999	0	0	0	0.589	0.994	0.9	0.962	0	10	0.657031716044	0.762395989022	0.843432332036	ob
P52655	P52657	17	22	72	0.999	0	0	0	0.053	0.981	0.9	0.814	0	10	0.237606568467	0.886634076156	1.0	nob
P40337	Q16665	13	17	700	0.998	0	0	0	0	0.696	0.9	0.945	0	10	0.863383423096	0.139730863604	0.376626742024	nob
P20333	Q12933	10	28	792	0.975	0	0	0	0	0.36	0.9	0.651	0	10	0	0.140336661817	1.0	nob
P29468	P45976	18	23	101	0.999	0	0	0	0.075	0.997	0.9	0.883	0	10	0.766417656107	0.734107633624	0.0640990230188	nob
P16860	P17342	17	10	19	0.942	0	0	0	0	0.666	0	0.835	0	10	0	0.230032500835	0.0151446123989	nob
P53843	P69771	18	19	73	0.996	0	0	0	0.083	0.97	0	0.89	0	10	0	0.479994329877	0.0640990230188	nob
P0A903	P0AC02	24	19	14	0.999	0	0.297	0	0.19	0.997	0.9	0.893	0	14	0	1.0	0.102886619617	ob
P32790	P43603	24	18	497	0.97	0	0	0	0.081	0.95	0	0.392	0	10	0	0	0.0640990230188	nob
P03950	P13489	19	13	57	0.986	0	0	0	0	0.866	0.72	0.656	0	10	0.483571426668	0.928474065605	0.0151446123989	nob
O15105	Q9HAU4	15	23	280	0.992	0	0	0	0.043	0.735	0.9	0.724	0	10	0.631484986937	0.194840744558	0.739051912608	nob
P31749	P49841	13	28	781	0.973	0	0	0	0.067	0.603	0.9	0.337824	0	10	0.561675593902	0.314429079925	0.4208439103	nob
Q96QT6	Q9UBU8	20	17	195	0.999	0	0	0	0.147	0.958	0.9	0.806	0	10	0.138360697503	0.762395989022	0.0151446123989	nob
P03989	P47974	31	25	10	0	0	0	0	0	0	0	0	0	5	-0.0	0	0.00868784136971	nob
P18509	P41586	14	14	27	0.993	0	0	0	0.074	0.36	0.9	0.896	0	10	0	0	0.0151446123989	nob
P07143	P08525	20	19	56	0.999	0	0	0	0.526	0.996	0.9	0.716	0	10	0	1.0	0	ob
P01106	P61244	19	22	816	0.981	0	0	0	0	0.778	0.9	0.20608	0	10	0.3638230621	0.247753286124	0.455547716042	ob
P63010	Q5SW96	18	25	173	0.953	0	0	0	0	0.325	0.9	0.372	0	10	0	0.140336661817	0.692420447286	nob
P62877	Q93034	16	15	614	0.996	0	0	0	0.055	0.755	0.9	0.849	0	10	0	0.815108141761	1.0	ob
Q8N488	Q99496	26	25	815	0.898	0	0	0	0.053	0.827	0	0.421	0	10	0.715513907237	0.614309457784	0.0151446123989	nob
O75164	Q16695	23	26	267	0.937	0	0	0	0.054	0.374	0.9	0.065	0	10	0.328698515619	0.176552540083	0.523996724343	nob
P13051	P15927	23	25	483	0.783	0	0	0	0.232	0.666	0	0.219	0	10	0.631484986937	0	0.641668466206	nob
P00163	P08067	22	33	47	0.999	0	0.468	0	0.261	0.996	0.959	0.951	0.321	10	1.0	1.0	0	ob
P16144	Q15149	24	16	199	0.995	0	0	0	0.053	0.851	0.9	0.741	0	10	0.841289222576	0.815108141761	0.0151446123989	ob
O14686	P61964	24	29	231	0.998	0	0	0	0.072	0.932	0.9	0.742	0	10	-0.0	0.773268152311	0.0151446123989	nob
P08067	P22289	33	23	36	0.998	0	0	0	0.926	0.8	0.9	0.398	0	10	0	1.0	0	ob
P02994	P32471	16	27	307	0.999	0	0	0	0.295	0.984	0.9	0.891	0	10	0.322161798641	0	-0.0	nob
P33322	Q6Q547	34	29	240	0.999	0	0	0	0.282	0.996	0	0.97	0	10	1.0	1.0	0.045529507062	nob
P38077	Q12165	20	28	73	0.999	0	0	0	0.987	0.993	0.959	0.809	0.321	10	1.0	0.94649366447	0.764183869011	ob
P22216	P34217	15	11	169	0.825	0	0	0	0.052	0.647	0	0.52	0	10	0	0.068652756564	0.0640990230188	nob
P01892	Q9NPA0	26	13	54	0	0	0	0	0	0	0	0	0	9	0	0.43185641251	0	nob
P10275	Q15596	15	26	421	0.999	0	0	0	0	0.997	0.9	0.778	0	10	0	0.307219941542	0.376626742024	nob
P22307	P50542	27	9	159	0.579	0	0	0	0.105	0.193	0	0.464	0	10	0.406760267677	0.660509984385	0.0151446123989	ob
P0A8Q3	P0AC47	15	24	7	0.999	0	0.741	0	0.824	0.988	0.9	0.818	0.877	13	0	1.0	1.0	ob
O15151	P04637	19	23	1194	0.999	0	0	0	0	0.934	0.9	0.862	0	10	0.3638230621	0.0818470781615	0.242362391951	nob
P43489	Q12933	9	28	676	0.507	0	0	0	0	0.386	0	0.23	0	10	0	0	0	nob
P00734	P01008	19	26	33	0.999	0	0	0	0.759	0.884	0.9	0.958	0.074	10	0	0.488607656592	0.0151446123989	ob
P08189	P08190	18	18	0	0.998	0	0.779	0	0.259	0.863	0	0.72	0.829	12	0	0	0	nob
Q86YP4	Q9UBB5	19	15	107	0.98	0	0	0	0.051	0.789	0.9	0.152	0	10	0.0157964442949	0.247753286124	0.0151446123989	ob
P02413	P0A7Q1	17	24	3	0.993	0	0	0	0.51	0.986	0.9	0.128	0	14	0	1.0	-0.0	ob
P61956	Q6VMQ6	14	22	325	0.537	0	0	0	0	0.134	0	0.488	0	10	0.175569445203	0.307219941542	0.0151446123989	nob
Q15233	Q8WXF1	15	6	237	0.971	0	0	0	0.055	0.969	0	0.039422	0	10	0	0.139730863604	0.241163816843	ob
P05317	P05319	17	22	207	0.999	0	0	0	0.996	0.966	0.9	0.915	0.321	10	0	0.612717700806	1.0	ob
P05317	P05318	17	22	188	0.999	0	0	0	0.986	0.966	0	0.917	0.321	10	0	0.612717700806	1.0	ob
P01308	P14735	20	20	103	0.969	0	0	0	0	0.873	0	0.766	0	10	0.663243755442	0.169016947297	0.750180418479	nob
Q96B26	Q9NQT4	24	19	234	0.999	0	0.5	0	0.269	0.988	0.9	0.921	0.309	10	0	0.701742217916	0.844290872737	ob
P36404	Q9Y2Y0	14	18	51	0.995	0	0	0	0	0.866	0.9	0.715	0	10	0	0.633123239439	0.0151446123989	ob
P40509	P53622	19	20	183	0.999	0	0	0	0.096	0.997	0.72	0.69	0	10	0	0	0.0640990230188	ob
P60763	Q13153	15	16	134	0.983	0	0	0	0.054	0.833	0.8	0.535	0	10	0.424837894813	0.373798490888	0.163146898342	nob
O00255	Q03164	16	17	184	0.791	0	0	0	0	0.67	0	0.392	0	10	0.243324516011	0.577504130782	0.653288933119	nob
Q99549	Q9Y6K1	15	16	134	0	0	0	0	0	0	0	0	0	10	0	0.456907819487	0.0151446123989	nob
P28702	Q15596	10	26	145	0.92	0	0	0	0	0.565	0.8	0.163	0	10	0	0.0818470781615	0.0151446123989	nob
P00729	P14306	15	11	58	0.996	0	0	0	0.255	0.972	0	0.864	0	10	0.141794547589	0.468017557515	0.045529507062	ob
O14544	P10721	21	22	179	0.97	0	0	0	0	0.411	0.9	0.531	0	10	0	0.195523913468	0.0151446123989	nob
P05318	P05319	22	22	97	0.999	0	0	0	0.998	0.971	0.8	0.932	0	10	0	0.612717700806	1.0	ob
Q13133	Q15596	13	26	136	0.626	0	0	0	0	0.565	0	0.176	0	10	0	0.111405900328	0.0151446123989	nob
P07359	P21333	18	10	353	0.984	0	0	0	0.053	0.622	0.9	0.625	0	10	0.505709671598	0.208234049197	0.0151446123989	nob
O15392	Q9NQS7	13	16	103	0.996	0	0	0	0.371	0.448	0.9	0.921	0	10	0	0.537983117819	0.0151446123989	ob
P04050	P16370	24	16	529	0.999	0	0	0	0.363	0.999	0.925	0.95	0.321	10	0	0.752991630302	1.0	ob
O75581	Q9BQB4	21	12	80	0.984	0	0	0	0	0.408	0.9	0.763	0	10	0.874224684661	-0.0	0.0151446123989	nob
P01903	Q05639	19	15	192	0	0	0	0	0	0	0	0	0	10	0.0157964442949	0.0659936609415	0.0151446123989	nob
P02309	P53686	26	19	699	0.558	0	0	0	0.912	0.101	0.9	0.529	0	11	0	0.135507232266	-0.0	nob
P36149	Q03337	16	19	60	0.999	0	0	0	0.131	0.997	0.9	0.938	0	10	0	1.0	1.0	ob
P46948	Q05636	24	23	94	0.999	0	0.306	0	0.364	0.997	0.9	0.951	0.321	10	1.0	0.752991630302	0.0640990230188	ob
P33298	P50086	28	15	183	0.999	0	0	0	0.101	0.997	0.9	0.934	0	10	0	0.860448043372	0.0640990230188	nob
P03989	P32241	31	6	31	0	0	0	0	0	0	0	0	0	9	0	0.194840744558	0.00868784136971	nob
P25043	P25451	11	16	91	0.999	0	0	0	0.982	0.997	0.958	0.294872	0	11	1.0	0.834681815052	0.0640990230188	ob
P04629	P29353	11	32	2197	0.995	0	0	0	0	0.854	0.9	0.742	0	10	0.411353430272	0.208234049197	0.0151446123989	nob
P36897	P62942	18	12	254	0.981	0	0	0	0.053	0.674	0.9	0.484	0	10	0.459799704059	0.140336661817	0.739051912608	nob
P53290	Q00582	25	29	81	0.999	0	0	0	0.111	0.997	0.936	0.314781	0	10	0.299527576538	0.916195854062	1.0	ob
O43617	Q86SZ2	15	15	57	0.999	0	0	0	0.101	0.997	0.9	0.924	0	10	0	0	0.0151446123989	ob
P17948	P49763	20	12	36	0.999	0	0	0	0	0.87	0.9	0.942	0	10	0	0	0.0151446123989	ob
O00560	P31431	24	18	508	0.945	0	0	0	0	0.36	0.9	0.216	0	10	0	0.196117765027	0.0151446123989	nob
P23724	P25043	20	11	91	0.999	0	0	0	0.985	0.997	0.958	0.394	0	12	1.0	0.834681815052	0	ob
Q13216	Q16531	25	22	331	0.995	0	0	0	0.05	0.911	0.9	0.5	0	10	0.520344755129	0.762395989022	0.37511728094	ob
Q13133	Q15788	13	27	179	0.974	0	0	0	0	0.709	0.9	0.206	0	10	0.289436271185	0.459103544489	0.0151446123989	nob
Q02724	Q12306	34	31	531	0.999	0	0	0	0.042	0.992	0.9	0.951	0	10	0.408086337994	0.195039871024	-0.0	nob
P53853	Q07794	16	24	50	0.998	0	0	0	0.096	0.972	0	0.953	0	10	0.59527457436	0.117508290539	-0.0	ob
P08559	P11177	17	24	134	0.999	0.562	0.527	0	0.818	0.986	0.941	0.932	0.309	10	0.920644611288	0.833921923416	0.809329518042	ob
O95931	Q99496	25	25	786	0.95	0	0	0	0	0.344	0.9	0.305	0	10	0	0.614309457784	0.0151446123989	nob
O75928	P63165	27	19	400	0.995	0	0	0	0	0.78	0.9	0.808	0	10	0.631484986937	0.627693452198	0.704954355191	nob
P38251	P40348	16	19	114	0.999	0	0.058422	0	0.978	0.997	0.958	0.254163	0	10	1.0	0.928779226847	1.0	ob
Q86VN1	Q96H20	19	11	108	0.999	0	0	0	0.099	0.997	0.9	0.971	0	10	0	0.886634076156	0.491428511797	ob
P61830	Q08465	26	24	960	0.869	0	0	0	0	0.665	0	0.624	0	10	0	0.195039871024	0.0640990230188	nob
P01892	P04229	26	20	16	0	0	0	0	0	0	0	0	0	0	0	0.212151665442	0.348240456358	nob
P48061	P61073	16	19	56	0.999	0	0	0	0	0.528	0.9	0.983	0	10	0.402344296661	0.196117765027	0.0151446123989	nob
P45983	Q9UQF2	24	20	242	0.992	0	0	0	0.054	0.445	0.9	0.879	0	10	0	0.0198939336995	0.242362391951	nob
P09130	P10026	16	22	0	0	0	0	0	0	0	0	0	0	0	0	0	0	nob
P06609	P06611	18	9	1	0.999	0	0.662	0	0.057	0.928	0.964	0.601	0.699	14	1.0	1.0	0.909915285281	ob
P0A7N4	P61175	23	18	2	0.996	0	0	0	0.592	0.988	0.22	0.128	0	14	0	1.0	0.102886619617	ob
O96013	P60763	31	15	100	0.992	0	0	0	0.054	0.932	0.8	0.504	0	10	0	-0.0	0.163146898342	nob
P30307	P53350	26	15	401	0.997	0	0	0	0.537	0.412	0.9	0.918	0	10	0	0.111405900328	0.408940657615	nob
P09152	P11349	17	15	15	0.999	0	0.778	0	0.834	0.977	0.9	0.849	0.903	14	0	1.0	1.0	ob
P13382	P38121	16	21	84	0.999	0	0	0	0.983	0.997	0.9	0.835	0	10	0.337913517104	0.881867302852	1.0	ob
P04637	Q9NRG4	23	22	1147	0.977	0	0	0	0	0.388	0.9	0.66	0	10	0.074151828431	0.0659936609415	0.573558748863	nob
P17612	P61925	17	19	163	0.991	0	0	0	0.053	0.955	0.8	0.098	0	10	0.232721873661	0	0.856655903368	nob
P61244	Q05195	22	20	191	0.97	0	0	0	0.13	0.604	0.9	0.244	0	10	0.3638230621	0.129736483021	0.561384388228	ob
P00452	P68688	16	13	5	0.464	0	0	0	0.124	0	0.22	0.144	0.193	14	0	0	0	nob
P06865	P07686	19	16	72	0.98	0	0.019499	0	0.064	0.8	0.9	0.031154	0	10	0	0.720555999572	1.0	ob
P61964	Q8NEZ4	29	22	222	0.998	0	0	0	0.072	0.934	0.9	0.737	0	10	0	0.773268152311	0.744827441852	nob
P01583	Q99584	17	26	40	0.886	0	0	0	0	0.873	0	0.137	0	10	0.513608363664	0.175247560727	0.666335686461	ob
P06730	Q04637	15	16	201	0.999	0	0	0	0.091	0.969	0.9	0.981	0	10	0.455782252351	0.886634076156	0.719399617463	nob
P19793	Q15596	27	26	213	0.995	0	0	0	0	0.939	0.9	0.338	0	10	0	0.111405900328	0.73556810684	nob
P10276	Q15788	22	27	264	0.978	0	0	0	0	0.709	0.9	0.305	0	10	0.241033199521	0.459103544489	0.48877903331	nob
P0A8Q0	P0AC47	21	24	7	0.999	0	0.76	0	0.871	0.987	0.9	0.82	0.89	13	0	1.0	1.0	ob
P11142	P31948	17	9	786	0.962	0	0	0	0.343	0.745	0	0.792	0	10	0	0.230032500835	0.241163816843	nob
P07256	P07257	28	24	175	0.999	0	0	0	0.986	0.997	0.9	0.85	0	10	0	1.0	0.0640990230188	ob
O95149	Q14974	35	20	300	0.987	0	0	0	0.054	0.873	0.8	0.531	0	10	0	0.196117765027	0	nob
P00830	P07251	19	21	168	0.999	0	0.176623	0	0.986	0.997	0.959	0.30189	0.321	10	1.0	1.0	0.764183869011	ob
P22681	P43405	12	19	424	0.981	0	0	0	0.102	0.452	0.9	0.666	0	10	0	0.195523913468	0.374817941159	nob
P10145	P25024	15	19	24	0.998	0	0	0	0.086	0.866	0.9	0.915	0	10	0.583548672238	0	0.0151446123989	nob
Q99523	Q9UJY5	13	14	229	0.652	0	0	0	0.049	0.36	0	0.475	0	10	0	0.140336661817	0.242362391951	nob
A0A5B9	P01848	17	18	0	0	0	0	0	0	0	0	0	0	0	0	0	0	ob
P11717	Q9UJY5	23	14	131	0.871	0	0	0	0.052	0.602	0.36	0.528	0	10	0	0.130298950951	0.0151446123989	nob
P22681	P43403	12	10	350	0.979	0	0	0	0.054	0.407	0.9	0.671	0	10	0	0.195523913468	0.0151446123989	nob
P04049	P63104	17	24	937	0.992	0	0	0	0.054	0.897	0.9	0.342	0	10	0	0.0818470781615	0.750180418479	nob
P06400	P20248	24	12	407	0.982	0	0	0	0.127	0.36	0.9	0.718	0	10	0.232721873661	0.656149447233	0.392143121384	nob
O75533	Q9Y3B4	11	20	278	0.999	0	0	0	0.066	0.998	0.9	0.547	0	10	0	0.672056272972	0.241163816843	nob
P07998	P13489	21	13	49	0.955	0	0	0	0	0.874	0	0.661	0	10	-0.0	0.196117765027	0.0151446123989	nob
P35222	Q9Y297	19	20	832	0.971	0	0	0	0.055	0.448	0.9	0.524	0	10	0.31040183307	0.194840744558	0.0151446123989	nob
P06367	P39938	22	17	99	0.999	0	0	0	0.994	0.923	0.9	0.41	0	10	0	0	0.045529507062	ob
P11717	Q9NZ52	23	13	92	0.866	0	0	0	0.094	0.602	0.36	0.487	0	10	0	0.31797638524	0.0151446123989	nob
P0ACD8	P69739	22	24	4	0.999	0	0.782	0	0.657	0.984	0.966	0.517	0.903	14	0	1.0	1.0	ob
P21243	P23639	20	16	156	0.999	0	0.065856	0	0.985	0.997	0.958	0.032548	0	11	1.0	0.834681815052	0.0640990230188	ob
P07834	P52286	14	22	201	0.999	0	0	0	0	0.997	0.958	0.976	0	10	1.0	0.717590747241	0.772824933826	ob
P01730	Q05397	21	26	247	0.87	0	0	0	0	0.854	0	0.143	0	10	0.349311813764	0.208234049197	0.408940657615	nob
P00734	Q96RI0	19	27	20	0.986	0	0	0	0	0.861	0.9	0.107	0	10	0.66290406095	0	0	nob
O00267	P63272	17	11	197	0.999	0	0	0	0.053	0.988	0.9	0.975	0	10	0.9138045368	1.0	1.0	ob
O14965	Q9ULW0	21	12	406	0.999	0	0	0	0.887	0.958	0.9	0.788	0	10	0.243478913372	0.584623512839	0.408940657615	nob
P38968	Q04491	24	16	171	0.999	0	0	0	0.203	0.988	0.9	0.977	0	10	0.0200760321818	0.817060630505	1.0	ob
P22303	Q9Y215	18	19	26	0.876	0	0	0	0.052	0.36	0	0.813	0	10	0	0.130298950951	0.0151446123989	ob
P58340	P62258	22	26	601	0	0	0	0	0	0	0	0	0	10	0.146607994144	0.0759928894186	0.0151446123989	nob
P33307	Q02821	8	33	373	0.989	0	0	0	0.236	0.911	0	0.851	0	10	0	0.154185107645	0.556243834691	ob
P78314	Q9H2K2	12	25	92	0.979	0	0	0	0	0.978	0	0.082	0	10	0	0	0.0151446123989	nob
Q9H251	Q9Y6N9	23	13	46	0.993	0	0	0	0	0.912	0	0.93	0	10	0	0	0.0151446123989	nob
P62805	Q12830	23	15	357	0.554	0	0	0	0.089	0.318	0	0.373	0	23	0.328698515619	0.424227060766	0.180282726243	nob
P08518	P20433	19	18	208	0.999	0	0	0	0	0.997	0.9	0.934	0	10	0	0.779949889452	1.0	ob
Q07817	Q9Y5Z4	23	15	132	0	0	0	0	0	0	0	0	0	10	0	0.250279501513	0.0151446123989	nob
P05750	P38011	30	17	230	0.999	0	0	0	0.987	0.946	0	0.134	0	10	0	0.736072782622	0.0640990230188	ob
Q9BRT9	Q9Y248	14	13	69	0.999	0	0	0	0.367	0.997	0.9	0.953	0	10	0	0	0.0151446123989	ob
P28241	P28834	28	23	99	0.999	0	0.043741	0	0.989	0.997	0.9	0.069305	0	10	1.0	1.0	1.0	ob
P08518	P16370	19	16	428	0.999	0	0	0	0.582	0.999	0.925	0.934	0.321	10	0	0.752991630302	1.0	ob
P00163	P08525	22	19	43	0.999	0	0	0	0	0.989	0.9	0.871	0	10	0	1.0	0	ob
Q15276	Q9NZ52	18	13	160	0.767	0	0	0	0.084	0.36	0	0.634	0	10	0	0.212151665442	0.0151446123989	nob
Q16531	Q8WV16	22	27	313	0.936	0	0	0	0.048	0.368	0.9	0.074	0	10	0	0.672056272972	0	nob
P02458	P13760	11	14	29	0	0	0	0	0	0	0	0	0	9	0	0.247753286124	0.301505855981	nob
P20366	P25103	14	14	54	0.998	0	0	0	0.053	0.36	0.9	0.976	0	10	0.108694464423	0	0.0151446123989	nob
P04229	P60174	20	21	99	0	0	0	0	0	0	0	0	0	9	0	0.196117765027	0.0151446123989	nob
P30153	P63151	20	8	409	0.998	0	0	0	0.221	0.943	0.9	0.706	0	10	0.0157964442949	0.743582207366	0.0151446123989	ob
O43521	Q07812	8	10	180	0.997	0	0	0	0	0.774	0.9	0.907	0	10	0.72004338354	0.856948131211	0.0151446123989	nob
P04911	P38850	22	20	241	0.792	0	0	0	0	0.689	0	0.357	0	10	0	0.0978945396826	0	nob
P21549	P50542	23	9	147	0.921	0	0	0	0.09	0.866	0	0.407	0	10	0.0878609430863	1.0	0.0151446123989	ob
P03989	Q01668	31	12	1	0	0	0	0	0	0	0	0	0	9	-0.0	0.208234049197	0.00868784136971	nob
Q92547	Q9BX63	28	22	99	0.968	0	0	0	0.168	0.38	0.9	0.457	0	10	0.0157964442949	0.0818470781615	0.0151446123989	nob
P10275	Q9Y6Q9	15	24	462	0.987	0	0	0	0	0.952	0	0.751	0	10	0.424837894813	0.459103544489	0.301505855981	nob
P22141	P30656	18	16	207	0.999	0	0	0	0.963	0.997	0.952	0.836	0	11	1.0	0.834681815052	0.0640990230188	ob
P04456	P0CX84	20	20	89	0.999	0	0	0	0.996	0.983	0.517	0.399	0.321	11	0	0.612717700806	0	ob
P25942	P29965	12	23	73	0.999	0	0	0	0	0.866	0.9	0.975	0	10	1.0	0.384088405278	0.0151446123989	nob
P11274	P55196	13	16	196	0.727	0	0	0	0	0.36	0	0.59	0	10	0	0.130298950951	0.0151446123989	nob
P63165	Q9UBT2	19	18	332	0.997	0	0	0	0.126	0.678	0.9	0.915	0	10	0.631484986937	0.886634076156	0.828731307011	nob
O14776	P53350	5	15	391	0	0	0	0	0	0	0	0	0	10	0.146607994144	0.111405900328	0.0151446123989	nob
P13232	P16871	19	20	100	0.999	0	0	0	0	0.866	0.9	0.962	0	10	0	0	0.0151446123989	ob
P11940	Q9H074	29	6	316	0.997	0	0	0	0.054	0.78	0.9	0.907	0	10	0	0	0.180282726243	nob
P01848	P01850	18	16	0	0	0	0	0	0	0	0	0	0	0	0	0	0	ob
P0A780	P0A7R5	19	23	2	0.995	0	0	0	0	0.991	0	0.52	0	14	0	0.108938323259	0.102886619617	nob
P04049	P31947	17	19	589	0.945	0	0	0	0.054	0.45	0.9	0.082	0	10	0.397497620528	0.13189036997	0.750180418479	nob
P04050	P20435	24	13	334	0.999	0	0	0	0.085	0.999	0.9	0.933	0.042	10	0	0.752991630302	1.0	nob
P04050	P20436	24	21	321	0.999	0	0	0	0.047	0.999	0.9	0.87	0	10	0	0.752991630302	1.0	ob
P30479	Q13126	31	17	52	0	0	0	0	0	0	0	0	0	9	0	0	0	nob
P07766	Q8TE68	16	27	43	0	0	0	0	0	0	0	0	0	10	0	0.208234049197	0.0151446123989	nob
P63208	Q969H0	12	15	488	0.999	0	0	0	0	0.999	0.9	0.931	0	10	0.68996717813	0.659902228467	0.450928201055	ob
P04229	P04233	20	26	48	0	0	0	0	0	0	0	0	0	9	0	0.392517440875	0.698502972593	nob
P31947	Q9NPC2	19	22	359	0	0	0	0	0	0	0	0	0	10	0	0	0	nob
P05067	Q02410	6	9	2140	0.889	0	0	0	0.181	0.771	0	0.454	0	10	0	0.31797638524	0.0151446123989	nob
P25043	P30657	11	17	104	0.999	0	0	0	0.985	0.997	0.958	0.673	0	11	1.0	0.834681815052	0	ob
P43146	Q9HD67	19	11	87	0.986	0	0	0	0	0.863	0.9	0.079	0	10	0	0	0.0151446123989	nob
P0A7V3	P0AG59	11	23	4	0.999	0	0.307	0	0.98	0.988	0.22	0.128	0.628	14	1.0	1.0	0.534268781127	ob
O75376	P04150	16	26	393	0.973	0	0	0	0.105	0.936	0	0.573	0	10	0.134181705025	0.194840744558	0.430480827809	nob
P30657	P38624	17	19	100	0.999	0	0	0	0.955	0.997	0.952	0.394	0	12	1.0	0.834681815052	0	ob
Q9H2K2	Q9NWT6	25	23	131	0	0	0	0	0	0	0	0	0	10	0.186771728677	0.410740403099	0.163146898342	nob
P18754	P62826	25	15	281	0.999	0	0	0	0.204	0.973	0.9	0.793	0	10	0.057717216906	0.424227060766	1.0	nob
P00751	P01024	12	29	52	0.991	0	0	0	0.242	0.368	0.9	0.846	0	10	0	0.488607656592	0	ob
P01135	P14735	15	20	98	0	0	0	0	0	0	0	0	0	10	0.356544889851	0.384088405278	0.301505855981	nob
O43521	Q07820	8	17	159	0.999	0	0	0	0	0.963	0.9	0.899	0	10	0.285801501591	0.856948131211	0.0151446123989	nob
P07149	P19097	28	15	132	0.999	0.723	0	0	0.999	0.972	0.965	0.951	0.56	10	0	1.0	0.865978163822	ob
P20645	Q9NZ52	25	13	72	0.677	0	0	0	0.068	0.325	0	0.527	0	10	0	0.212151665442	0.0151446123989	nob
P26449	P41695	19	10	60	0.999	0	0	0	0.149	0.997	0.917	0.97	0	10	0	0.602277946706	0.0640990230188	nob
O43521	Q07817	8	23	209	0.999	0	0	0	0	0.984	0.9	0.917	0	10	0.626994779049	0.856948131211	0.0151446123989	nob
P49354	P49356	11	23	92	0.999	0	0	0	0.123	0.995	0.924	0.886	0	10	1.0	0.928474065605	0.926238588798	ob
P17342	P23582	10	20	9	0.917	0	0	0	0	0.39	0	0.87	0	10	0	0.230032500835	0.0151446123989	nob
P01033	P08254	16	18	30	0.993	0	0	0	0.072	0.901	0	0.929	0	10	0.282495623419	0	0.0151446123989	nob
P68431	Q14839	26	31	605	0.582	0	0	0	0.09	0.265	0.9	0.455	0	19	0.328698515619	0.459103544489	0.0151446123989	nob
O14746	P05534	19	26	66	0	0	0	0	0	0	0	0	0	9	0.335395490446	0.0277533610285	0.0151446123989	nob
Q09472	Q16665	25	17	753	0.978	0	0	0	0.081	0.454	0.9	0.626	0	10	0.505709671598	0.139730863604	0.522340763563	nob
Q7L576	Q92558	9	13	128	0.996	0	0	0	0.154	0.921	0.9	0.526	0	10	0	0	0.0151446123989	ob
P11532	Q14118	20	32	120	0.995	0	0	0	0.053	0.41	0.9	0.924	0	10	0.113159921338	0.815108141761	0.854917507142	nob
P15873	Q12306	22	31	385	0.998	0	0	0	0.153	0.931	0.9	0.71	0	10	0.0827251807243	0.330591069549	0.613470405258	ob
P0C2H6	P14120	12	24	177	0.999	0	0	0	0.987	0.935	0	0.567	0.061	10	0	0.612717700806	0	ob
P11362	Q8WU20	20	18	135	0.983	0	0	0	0	0.407	0.9	0.743	0	10	0	-0.0	0.301505855981	nob
P05106	P08514	12	15	58	0.999	0	0	0	0.257	0.901	0.9	0.968	0	10	0.675637797386	0.384088405278	0.750180418479	ob
P07014	P0AC44	27	28	6	0.999	0	0.505	0	0.657	0.987	0.677	0.254	0.865	14	0	0	-0.0	ob
O14980	O95149	11	35	1267	0.973	0	0	0	0.055	0.866	0	0.808	0	10	0	0.0277533610285	0	ob
P23724	P30657	20	17	93	0.999	0	0	0	0.955	0.997	0.952	0.394	0	12	1.0	0.834681815052	0	ob
P84243	Q96T88	27	14	202	0.98	0	0	0	0.122	0.8	0.9	0.004576	0	10	0.328698515619	0.459103544489	0.523996724343	nob
P20676	Q06142	32	19	277	0.999	0	0	0	0.269	0.991	0.604	0.94	0	10	0	0.565071939167	0.343695925118	nob
P13612	P26010	17	16	493	0.995	0	0	0	0.096	0.866	0.9	0.703	0	10	0	0.928474065605	0.0151446123989	ob
P40477	Q02647	18	21	77	0.961	0	0	0	0	0.928	0	0.49	0	10	0	0.565071939167	0	nob
P42771	Q00534	22	19	172	0.996	0	0	0	0.054	0.655	0.9	0.913	0	10	0.350880134532	0.176552540083	0.180282726243	nob
P11802	P24385	22	19	325	0.999	0	0	0	0.058	0.976	0.9	0.984	0	10	0.934037199195	0.656149447233	1.0	ob
P24394	P35568	16	23	113	0.972	0	0	0	0	0.61	0.9	0.343	0	10	0	-0.0	0.0151446123989	nob
P10591	P38825	18	19	757	0.545	0	0	0	0.065	0.48	0	0.138	0	10	0	0.312833462169	0	nob
O60341	Q16695	10	26	717	0.418	0	0	0	0	0.36	0	0.128	0	10	0.328698515619	0.459103544489	0.0151446123989	nob
P55072	Q9Y263	15	25	684	0.951	0	0	0	0.099	0.891	0	0.548	0	10	0	0.196117765027	0.0151446123989	nob
P18887	Q96T60	18	17	189	0.989	0	0	0	0.098	0.563	0.9	0.774	0	10	0	0.260193977086	0.0151446123989	nob
O43157	P63000	14	15	276	0.968	0	0	0	0.043	0.667	0.9	0.112	0	10	0.513608363664	0.194840744558	0.0151446123989	ob
P11940	Q99700	29	20	347	0.955	0	0	0	0.107	0.798	0	0.773	0	10	0	0.642370328027	0.491428511797	nob
P04050	Q04307	24	19	268	0.92	0	0	0	0.055	0.85	0	0.48	0	10	0	0.482445179438	0.569812464863	nob
P05067	P14735	6	20	2201	0.719	0	0	0	0.044	0.36	0	0.577	0	10	0.481859482321	0.384088405278	1.0	nob
O43683	Q8NG31	14	25	149	0.998	0	0	0	0.549	0.953	0.9	0.546	0	10	0.874224684661	0.681034986608	0.0151446123989	nob
P0A6F5	P0A6F9	11	19	149	0.999	0	0.65	0	0.98	0.997	0.9	0.798	0.8	14	1.0	1.0	0.380429111985	ob
P22216	P32447	15	16	213	0.995	0	0	0	0.131	0.973	0	0.828	0	10	0	0.275937008718	0.0640990230188	nob
P56817	Q9UJY5	17	14	107	0.956	0	0	0	0	0.36	0.9	0.372	0	10	0	0.140336661817	0.242362391951	nob
P37231	Q15596	29	26	241	0.986	0	0	0	0.053	0.709	0.9	0.573	0	10	0	0.0818470781615	0.666335686461	nob
P0A6F3	P69783	13	11	5	0.88	0	0	0	0	0.864	0	0.152	0	14	0.436782352178	0.119778854997	0.408156431779	nob
P67775	Q9UIC8	15	21	286	0.874	0	0	0	0.054	0.184	0	0.849	0	10	0	0	0.0151446123989	ob
P01892	Q86UW6	26	25	24	0	0	0	0	0	0	0	0	0	6	0	0	0.180282726243	nob
O15392	Q53HL2	13	15	132	0.999	0	0	0	0.886	0.678	0.9	0.83	0	10	0	0.886634076156	0.0151446123989	ob
P01100	P05412	24	23	483	0.999	0	0	0	0.522	0.952	0.9	0.99	0	10	0.68996717813	0.856948131211	1.0	ob
P01903	Q16655	19	13	49	0	0	0	0	0	0	0	0	0	10	0	0.212151665442	0.0151446123989	nob
O95166	P27797	23	13	270	0.468	0	0	0	0.053	0.407	0	0.128	0	10	0.173370983061	0.140336661817	1.0	nob
Q14596	Q9H0R8	22	20	215	0.738	0	0	0	0.1	0.446	0	0.517	0	10	0	0.0659936609415	0.0151446123989	nob
P53112	P80667	21	23	220	0.999	0	0	0	0	0.819	0.9	0.974	0	10	0.869107578063	0.696144284407	0.559497145689	nob
P30481	Q9Y5X3	30	14	58	0	0	0	0	0	0	0	0	0	9	0	0	0.0151446123989	nob
P04637	Q09472	23	25	1665	0.994	0	0	0	0.053	0.67	0.9	0.839	0	10	0.777187959897	0.139730863604	0.676974486657	nob
P23471	Q12860	18	22	39	0.882	0	0	0	0.061	0.858	0	0.186	0	10	0	0	0	ob
P16861	P16862	25	35	176	0.999	0	0.030039	0	0.588	0.992	0.9	0.011856	0	10	1.0	1.0	0.0640990230188	ob
P54274	Q9BSI4	14	19	596	0.998	0	0	0	0.111	0.774	0.9	0.952	0	10	0.282061965227	0.87790081808	0.638060825053	nob
P06780	P33332	28	37	108	0.988	0	0	0	0	0.914	0.274	0.827	0	10	0.142679371723	0.562650534339	0.0640990230188	ob
P0CX23	Q02753	23	19	32	0.997	0	0	0	0.912	0.868	0.8	0.295	0.145	11	0	0.612717700806	0	ob
P01892	P40967	26	14	60	0	0	0	0	0	0	0	0	0	9	0.163737920975	0.427390223707	0.0151446123989	nob
P04386	P04387	19	25	122	0.995	0	0	0	0	0.885	0	0.964	0	10	0.290362183336	0.117508290539	0.48525410079	nob
P47068	Q12446	14	20	329	0.891	0	0	0	0.103	0.654	0	0.678	0	10	0.744046591003	0.59209719569	0.496522900626	nob
P47822	Q08278	20	22	126	0.999	0	0	0	0.082	0.997	0.9	0.96	0	10	0	0.696144284407	0.0640990230188	ob
P25298	P25299	23	9	97	0.999	0	0	0	0.122	0.997	0.952	0.977	0	10	1.0	0.696144284407	1.0	nob
P39076	P39079	14	19	180	0.999	0	0	0	0.98	0.997	0.9	0.186354	0	10	0.494140562128	0.775036565185	1.0	ob
P39076	P39077	14	14	171	0.999	0	0	0	0.979	0.993	0.9	0.2043	0	10	0.494140562128	0.775036565185	1.0	ob
P02745	P02746	15	16	50	0.998	0	0	0	0.917	0.866	0.9	0.101844	0	10	0	0.196117765027	0.0151446123989	ob
P01892	P27797	26	13	153	0	0	0	0	0	0	0	0	0	9	0.268601549762	0.427390223707	0.37511728094	nob
P24588	Q08209	23	21	113	0.784	0	0	0	0	0.4	0	0.655	0	10	0	0	0.242362391951	nob
P04637	Q13625	23	15	1264	0.996	0	0	0	0.053	0.876	0.9	0.765	0	10	0.726766846193	0.0818470781615	0.750180418479	nob
P26368	Q15637	32	20	652	0.999	0	0	0	0.126	0.949	0.9	0.929	0	10	0	0.518779202955	0.241163816843	nob
P10507	P11914	32	15	29	0.999	0	0.141225	0	0.345	0.997	0.9	0.233761	0	10	0	1.0	1.0	ob
P21242	P21243	18	20	165	0.999	0	0.054656	0	0.984	0.999	0.958	0.088256	0	12	1.0	0.834681815052	0.0640990230188	ob
Q9BRX5	Q9Y248	13	13	61	0.999	0	0	0	0.674	0.988	0.9	0.953	0	10	0	0	0	ob
P63208	Q9UKT5	12	21	287	0.983	0	0	0	0	0.703	0.9	0.49	0	10	0.68996717813	0.659902228467	0.450928201055	ob
Q03630	Q03784	18	26	27	0.999	0	0	0	0.088	0.996	0.9	0.935	0	10	0	1.0	1.0	ob
P22524	P60293	16	27	5	0.998	0	0.782	0	0.107	0.948	0	0.096	0.88	14	0	0	0.102886619617	ob
P18545	P51160	20	21	6	0.876	0	0	0	0.071	0.756	0	0.497	0	10	0	0	0	nob
P45983	Q12968	24	15	214	0.988	0	0	0	0	0.864	0.8	0.616	0	10	0.074151828431	0.0818470781615	0.0151446123989	nob
P03989	P47871	31	17	4	0	0	0	0	0	0	0	0	0	9	-0.0	0.208234049197	-0.0	nob
Q03497	Q12163	13	16	210	0.973	0	0	0	0	0.959	0	0.38	0	10	0.677011427882	0.0595338560881	0.0640990230188	nob
P02462	P08572	9	12	66	0.998	0	0	0	0.842	0.88	0.9	0.196992	0	10	0	0.430653424026	0.0151446123989	ob
P47142	Q06696	25	16	33	0.999	0	0	0	0.118	0.998	0.9	0.931	0	10	0.666607463668	0.94649366447	0.0640990230188	ob
P00734	P25116	19	20	44	0.996	0	0	0	0	0.876	0.9	0.745	0	10	0.748449369322	0.384088405278	0.37422177589	nob
P20248	P24941	12	17	834	0.999	0.01	0	0	0.531	0.99	0.9	0.893	0	10	0.706350167761	0.928474065605	0.985366447201	nob
P01892	P19544	26	12	58	0	0	0	0	0	0	0	0	0	9	0.302891887137	0.0789564956921	0.180282726243	nob
O00482	Q15466	16	17	89	0.932	0	0	0	0.049	0.902	0	0.29815	0	10	0.174464937092	0.0759928894186	0.0151446123989	nob
O13297	Q01159	15	18	46	0.999	0	0	0	0	0.972	0.9	0.971	0	10	0	1.0	0.0640990230188	ob
O75563	Q9Y2R2	25	24	71	0.626	0	0	0	0	0.36	0	0.439	0	10	0	0.195523913468	0.0151446123989	nob
P16104	P17693	11	28	306	0	0	0	0	0	0	0	0	0	10	0.146607994144	-0.0	0.0151446123989	nob
P12004	Q5TBB1	15	11	369	0.975	0	0	0	0.196	0.945	0	0.489	0	10	0.138360697503	0.230032500835	0	nob
P38701	P41058	9	12	73	0.999	0	0	0	0.995	0.924	0.517	0.295	0.321	10	0	0.736072782622	0	nob
P12956	P13010	24	16	566	0.999	0	0	0	0.219	0.997	0.9	0.982	0	10	0.715513907237	0.886634076156	0.778715766394	ob
P00579	P0A8T7	17	27	27	0.998	0	0.676	0	0.062	0.99	0	0.622	0.062	14	0	0.119778854997	0.102886619617	ob
P01584	P14778	14	23	40	0.998	0	0	0	0	0.869	0.9	0.882	0	10	0.499761028372	-0.0	0.301505855981	nob
Q7L576	Q9Y2A7	9	13	127	0.999	0	0	0	0.549	0.967	0.9	0.811	0	10	0	0.384617586493	0.37511728094	ob
P08575	P20963	20	20	66	0.968	0	0	0	0.253	0.378	0.9	0.4	0	10	0	0.31564300146	0.363218091357	nob
P0CX29	P0CX33	19	33	0	0.998	0	0.005797	0	0.981	0.852	0.8	0.411	0	11	0	0.260366999719	0	ob
Q16665	Q9NWT6	17	23	268	0.996	0	0	0	0	0.866	0.9	0.773	0	10	0.863383423096	0.139730863604	0.736922305043	nob
Q9NSD9	Q9Y285	25	14	95	0.999	0	0	0	0.881	0.997	0.941	0.933	0.309	10	0.874224684661	0.928474065605	0.883090929244	ob
P47142	Q12483	25	15	38	0.999	0	0	0	0.192	0.998	0.9	0.924	0	10	0.666607463668	0.94649366447	0.0640990230188	ob
P61964	Q9UPS6	29	11	214	0.998	0	0	0	0.072	0.928	0.9	0.844	0	10	0.715513907237	0.752560921003	0.744827441852	nob
Q16531	Q8N5D0	22	24	316	0.492	0	0	0	0.067	0.379	0	0.193	0	10	0	0	0.0151446123989	nob
P13747	P17693	23	28	68	0.903	0	0	0	0.055	0	0.9	0.016948	0	10	0.535137641063	0.140336661817	0.301505855981	nob
Q07817	Q16611	23	17	177	0.994	0	0	0	0	0.928	0.9	0.286974	0	10	0.818503754541	0.250279501513	0.750180418479	nob
P60484	Q6P0Q8	20	19	288	0.823	0	0	0	0.054	0.666	0	0.483	0	10	0	0	0.242362391951	nob
O60341	Q9UKL0	10	26	576	0.995	0	0	0	0.094	0.453	0.9	0.911	0	10	0.391151704623	0.649030065177	0.180282726243	ob
P00452	P69924	16	18	3	0.999	0	0.778	0	0.986	0.986	0.976	0.931	0.643	14	0.743337917805	1.0	0.909915285281	nob
O75792	Q8TDP1	15	21	53	0.999	0	0	0	0.27	0.955	0.9	0.945	0	10	0.547639390337	0.886634076156	0	ob
Q9GZY6	Q9ULZ2	16	27	19	0	0	0	0	0	0	0	0	0	10	0.748449369322	0.0277533610285	0.0151446123989	nob
P38398	Q13085	13	17	648	0.402	0	0	0	0	0.36	0	0.104	0	10	0	0.176552540083	0.0151446123989	nob
Q06330	Q92585	23	25	164	0.991	0	0	0	0.053	0.641	0.9	0.789	0	10	0.631484986937	0.886634076156	0.0151446123989	nob
P0C2H6	P87262	12	20	107	0.998	0	0	0	0.989	0.65	0	0.59	0.321	10	0	0.260366999719	0	ob
P05108	P10109	18	21	15	0.999	0	0	0	0.178	0.866	0.9	0.909	0.309	10	0.675637797386	0	0.00868784136971	nob
O14777	Q9BZD4	31	18	203	0.999	0	0	0	0.886	0.997	0.9	0.964	0	10	0	0.856948131211	0.0151446123989	ob
P61024	Q13309	15	15	298	0.801	0	0	0	0.092	0.8	0.8	0.006513	0	11	0	0	0.0151446123989	nob
P05107	P20702	15	21	48	0.995	0	0	0	0.406	0.869	0.9	0.54	0	10	0	0.384088405278	0.0151446123989	ob
P25604	Q02767	24	19	79	0.999	0	0	0	0.083	0.997	0.9	0.931	0	10	0.666607463668	0.908530315252	0.0640990230188	nob
P15289	Q8NBK3	18	15	49	0.984	0	0.412	0	0	0.182	0.9	0.605	0.309	10	0	0	0	nob
P01160	P17342	23	10	52	0.852	0	0	0	0	0.396	0	0.765	0	10	0	0.230032500835	0.0151446123989	nob
O14964	Q99816	19	29	671	0.998	0	0	0	0.055	0.903	0.9	0.888	0	10	0.0157964442949	0.490811087873	0.0151446123989	nob
O00255	P17535	16	24	127	0.821	0	0	0	0	0.407	0	0.71	0	10	0.243324516011	0.247753286124	0.353490702462	nob
P05744	Q02326	26	18	117	0.999	0	0	0	0.999	0.951	0	0.545	0	10	0.561727664222	0.612717700806	1.0	ob
P10321	P13747	25	23	135	0.962	0	0	0	0.055	0.625	0.9	0.018906	0	10	0	0.384088405278	0.0151446123989	nob
P15692	P17948	13	20	71	0.999	0	0	0	0	0.876	0.9	0.966	0	10	0.886055795545	0.0217675808692	0.37422177589	ob
P04637	P20248	23	12	1222	0.966	0	0	0	0.133	0.328	0.9	0.49	0	10	0.350880134532	0.509563958866	0.367038535268	nob
P04050	P08518	24	19	385	0.999	0	0	0	0.98	0.999	0.924	0.951	0.321	10	0	0.838700091744	1.0	ob
P15303	P38968	23	24	185	0.999	0	0	0	0.868	0.971	0.9	0.951	0	10	0.817437959718	0.817060630505	0.0640990230188	nob
O75015	P01857	20	22	26	0	0	0	0	0	0	0	0	0	9	0	0.196117765027	0	ob
O95405	Q15796	20	24	489	0.987	0	0	0	0.055	0.349	0.9	0.813	0	10	0.850496937363	0.0789564956921	0.367038535268	nob
P24941	P61024	17	15	814	0.801	0	0	0	0.276	0.8	0	0.006513	0	11	0	0	0.0151446123989	nob
Q13564	Q8TBC4	20	18	81	0.999	0	0	0	0.515	0.994	0	0.952	0	10	0	0	1.0	ob
Q92673	Q9UJY5	22	14	143	0.966	0	0	0	0.06	0.901	0	0.668	0	10	0	0.130298950951	1.0	nob
P04439	P60201	28	12	47	0	0	0	0	0	0	0	0	0	10	0	0.130298950951	0.0151446123989	nob
P01892	Q16655	26	13	15	0	0	0	0	0	0	0	0	0	9	0	0.51229144458	0.0151446123989	nob
P01892	Q8WVV4	26	15	64	0	0	0	0	0	0	0	0	0	9	0	0	0	nob
P61006	Q01968	32	6	159	0.968	0	0	0	0.054	0.936	0	0.516	0	10	-0.0	0.656149447233	0.273205982182	ob
Q01094	Q14186	14	13	188	0.999	0	0	0	0.364	0.983	0.9	0.626	0	10	0	0.129736483021	0.376626742024	ob
P0A9A6	P77173	13	21	33	0.972	0	0	0	0	0.893	0	0.748	0.043	14	0	1.0	0.102886619617	nob
P28908	Q12933	9	28	699	0.511	0	0	0	0	0.36	0	0.267	0	10	0.285801501591	0.0277533610285	0	nob
P07276	P32776	13	25	87	0.998	0	0	0	0.101	0.919	0.9	0.755	0	10	0.1530241599	0.881867302852	0.0640990230188	nob
Q15543	Q15544	22	16	61	0.999	0	0	0	0.12	0.969	0.9	0.955	0	10	0	0.649030065177	0.0151446123989	nob
O15047	P61964	24	29	233	0.998	0	0	0	0.072	0.796	0.9	0.915	0	10	0.328698515619	0.752560921003	0.744827441852	nob
P49792	P62826	29	15	337	0.999	0	0	0	0.475	0.99	0.9	0.714	0	10	-0.0	0.230032500835	0.0151446123989	nob
P25451	P30656	16	16	109	0.999	0	0	0	0.901	0.997	0.952	0.25179	0	10	1.0	0.834681815052	0.0640990230188	ob
P12004	P39748	15	14	406	0.999	0	0	0	0.907	0.997	0.9	0.923	0	10	0.368791659897	0.535664141333	0.273205982182	nob
